    1     1     1     1    4.785065404705503
    2     1     1     1    0.741380351973408
    2     1     2     1    0.136873385354388
    2     2     1     1    1.118946866342470
    2     2     2     1    0.256633394730974
    2     2     2     2    0.817206321526058
    3     1     3     1    0.024477412258099
    3     2     3     1    0.037808607416361
    3     2     3     2    0.180518392104632
    3     3     1     1    1.115813812152428
    3     3     2     1    0.256683985810103
    3     3     2     2    0.817022605320914
    3     3     3     3    0.880159093375045
    4     1     4     1    0.024477412258099
    4     2     4     1    0.037808607416361
    4     2     4     2    0.180518392104632
    4     3     4     3    0.047444445118384
    4     4     1     1    1.115813812152428
    4     4     2     1    0.256683985810103
    4     4     2     2    0.817022605320914
    4     4     3     3    0.785270203138277
    4     4     4     4    0.880159093375045
    5     1     5     1    0.024477412258099
    5     2     5     1    0.037808607416361
    5     2     5     2    0.180518392104632
    5     3     5     3    0.047444445118384
    5     4     5     4    0.047444445118384
    5     5     1     1    1.115813812152428
    5     5     2     1    0.256683985810103
    5     5     2     2    0.817022605320914
    5     5     3     3    0.785270203138277
    5     5     4     4    0.785270203138277
    5     5     5     5    0.880159093375045
    6     1     1     1    0.000002630966413
    6     1     2     1    0.000000609617429
    6     1     2     2    0.000001886789455
    6     1     3     3    0.000001733424813
    6     1     4     4    0.000001733424813
    6     1     5     1   -0.000000150329861
    6     1     5     2   -0.000000692289369
    6     1     5     5    0.000002190214529
    6     1     6     1    0.000000000010523
    6     2     1     1    0.019417457706891
    6     2     2     1    0.004596166116443
    6     2     2     2    0.019203077832154
    6     2     3     3    0.018034716514483
    6     2     4     4    0.018034716514483
    6     2     5     1   -0.000483124104501
    6     2     5     2   -0.005716817581015
    6     2     5     5    0.021505276746927
    6     2     6     1    0.000000064672821
    6     2     6     2    0.002952365056225
    6     3     3     1    0.000022149556938
    6     3     3     2    0.000254590534688
    6     3     5     3   -0.000157713210748
    6     3     6     3    0.000025753130130
    6     4     4     1    0.000022149556938
    6     4     4     2    0.000254590534688
    6     4     5     4   -0.000157713210748
    6     4     6     4    0.000025753130130
    6     5     1     1   -0.032300110579766
    6     5     2     1   -0.007645528408766
    6     5     2     2   -0.031946327831492
    6     5     3     3   -0.030004502630128
    6     5     4     4   -0.030004502630128
    6     5     5     1    0.000802387607598
    6     5     5     2    0.009497535606635
    6     5     5     5   -0.035773069737093
    6     5     6     1   -0.000000107569175
    6     5     6     2   -0.004934639055349
    6     5     6     5    0.008249211433615
    6     6     1     1    0.446843597093629
    6     6     2     1    0.105769638391704
    6     6     2     2    0.445270174832760
    6     6     3     3    0.420429262883981
    6     6     4     4    0.420429262883981
    6     6     5     1   -0.010141583883665
    6     6     5     2   -0.125025787403006
    6     6     5     5    0.494063804141521
    6     6     6     1    0.000001413372390
    6     6     6     2    0.091986930006484
    6     6     6     5   -0.154284390386702
    6     6     6     6    3.541948133222505
    7     1     1     1    0.124856287084943
    7     1     2     1    0.022856376595032
    7     1     2     2    0.042582461251716
    7     1     3     3    0.042513163881261
    7     1     4     4    0.042513163881261
    7     1     5     1   -0.001011400002941
    7     1     5     2   -0.001903434055163
    7     1     5     5    0.042726770963371
    7     1     6     1    0.000000109690184
    7     1     6     2    0.000791043930188
    7     1     6     5   -0.001315796672300
    7     1     6     6    0.018144126809705
    7     1     7     1    0.003862532883165
    7     2     1     1    0.310128217887181
    7     2     2     1    0.072048765923583
    7     2     2     2    0.254986794818242
    7     2     3     3    0.251273312148360
    7     2     4     4    0.251273312148360
    7     2     5     1   -0.005304952118102
    7     2     5     2   -0.041138760422559
    7     2     5     5    0.262169360170446
    7     2     6     1    0.000000736040173
    7     2     6     2    0.010386285238252
    7     2     6     5   -0.017286061009835
    7     2     6     6    0.246593816257878
    7     2     7     1    0.012247940645175
    7     2     7     2    0.098438233710682
    7     3     3     1    0.007603270478191
    7     3     3     2    0.045049925681190
    7     3     5     3   -0.009077944089557
    7     3     6     3    0.000196993860093
    7     3     7     3    0.015141572766824
    7     4     4     1    0.007603270478191
    7     4     4     2    0.045049925681190
    7     4     5     4   -0.009077944089557
    7     4     6     4    0.000196993860093
    7     4     7     4    0.015141572766824
    7     5     1     1   -0.225013758714004
    7     5     2     1   -0.052952780094236
    7     5     2     2   -0.200551006398715
    7     5     3     3   -0.192255224964980
    7     5     4     4   -0.192255224964980
    7     5     5     1    0.010586091408868
    7     5     5     2    0.071690382034843
    7     5     5     5   -0.216918348596743
    7     5     6     1   -0.000000760248677
    7     5     6     2   -0.011867672146635
    7     5     6     5    0.019756610116388
    7     5     6     6   -0.283746906570987
    7     5     7     1   -0.009361046362213
    7     5     7     2   -0.092710842129311
    7     5     7     5    0.098822160065953
    7     6     1     1    0.110979142889413
    7     6     2     1    0.026269191609202
    7     6     2     2    0.110369741003336
    7     6     3     3    0.104407220435633
    7     6     4     4    0.104407220435633
    7     6     5     1   -0.002518774128504
    7     6     5     2   -0.030688336676347
    7     6     5     5    0.122102262518936
    7     6     6     1    0.000000350860611
    7     6     6     2    0.017788002370533
    7     6     6     5   -0.029795748902175
    7     6     6     6    0.576921286432551
    7     6     7     1    0.004506313508367
    7     6     7     2    0.060146115078811
    7     6     7     5   -0.068630707387389
    7     6     7     6    0.111888115070703
    7     7     1     1    0.438285843538874
    7     7     2     1    0.103503647333053
    7     7     2     2    0.422964685772174
    7     7     3     3    0.409896993530489
    7     7     4     4    0.409896993530489
    7     7     5     1   -0.008776857188428
    7     7     5     2   -0.095482707602708
    7     7     5     5    0.448669160775420
    7     7     6     1    0.000001243377249
    7     7     6     2    0.032767117016049
    7     7     6     5   -0.054737617894287
    7     7     6     6    0.854681762966415
    7     7     7     1    0.017678985819461
    7     7     7     2    0.203421226016780
    7     7     7     5   -0.215565142195567
    7     7     7     6    0.205283862651617
    7     7     7     7    0.624708799713339
    8     1     3     1    0.000625850872056
    8     1     3     2    0.001181802406185
    8     1     5     3   -0.000148913825833
    8     1     6     3    0.000000932462162
    8     1     7     3    0.000260678355380
    8     1     8     1    0.000017661350541
    8     2     3     1    0.003463149036042
    8     2     3     2    0.027382777330594
    8     2     5     3   -0.008320293195567
    8     2     6     3    0.000273267985203
    8     2     7     3    0.011476642320877
    8     2     8     1    0.000128189954730
    8     2     8     2    0.010204357164675
    8     3     1     1    0.149505107598575
    8     3     2     1    0.035197358359453
    8     3     2     2    0.134045702075109
    8     3     3     3    0.139541623296191
    8     3     4     4    0.128201936810162
    8     3     5     1   -0.002240171786908
    8     3     5     2   -0.020401615219223
    8     3     5     5    0.134240439257686
    8     3     6     1    0.000000347115323
    8     3     6     2    0.005378588019578
    8     3     6     5   -0.008950787798369
    8     3     6     6    0.128143231739532
    8     3     7     1    0.005960927153370
    8     3     7     2    0.052734214677074
    8     3     7     5   -0.049170029780472
    8     3     7     6    0.031620629647483
    8     3     7     7    0.112961960861781
    8     3     8     3    0.030920691853931
    8     4     4     3    0.005669843243015
    8     4     8     4    0.001604990500287
    8     5     3     1   -0.002240171786908
    8     5     3     2   -0.020401615219222
    8     5     5     3    0.011708345690539
    8     5     6     3   -0.000383402312432
    8     5     7     3   -0.011203735220408
    8     5     8     1   -0.000095884546985
    8     5     8     2   -0.011245343143673
    8     5     8     5    0.013716148597912
    8     6     3     1    0.000325626780046
    8     6     3     2    0.003976072383325
    8     6     5     3   -0.002301570778668
    8     6     6     3    0.000653193737442
    8     6     7     3    0.003446200989354
    8     6     8     1    0.000013283124778
    8     6     8     2    0.005386102623984
    8     6     8     5   -0.007781301766531
    8     6     8     6    0.020296464709651
    8     7     3     1    0.003416880628238
    8     7     3     2    0.037853838030519
    8     7     5     3   -0.016696231684755
    8     7     6     3    0.001237249573715
    8     7     7     3    0.024317280603553
    8     7     8     1    0.000134039909822
    8     7     8     2    0.028263539776870
    8     7     8     5   -0.036312084459832
    8     7     8     6    0.030857748488400
    8     7     8     7    0.137996276062362
    8     8     1     1    0.402509981210609
    8     8     2     1    0.095269284554877
    8     8     2     2    0.398988975003150
    8     8     3     3    0.392277112130633
    8     8     4     4    0.382983769510977
    8     8     5     1   -0.007246495720002
    8     8     5     2   -0.087011638477111
    8     8     5     5    0.421246130901678
    8     8     6     1    0.000001116772618
    8     8     6     2    0.032592080876801
    8     8     6     5   -0.054425972629292
    8     8     6     6    0.852436078078990
    8     8     7     1    0.016225845743799
    8     8     7     2    0.196660907641240
    8     8     7     5   -0.209365429387780
    8     8     7     6    0.205335078720269
    8     8     7     7    0.624568371624206
    8     8     8     3    0.115207031578802
    8     8     8     8    0.672832720521661
    9     1     4     1    0.000625850872056
    9     1     4     2    0.001181802406185
    9     1     5     4   -0.000148913825833
    9     1     6     4    0.000000932462162
    9     1     7     4    0.000260678355380
    9     1     9     1    0.000017661350541
    9     2     4     1    0.003463149036042
    9     2     4     2    0.027382777330594
    9     2     5     4   -0.008320293195567
    9     2     6     4    0.000273267985203
    9     2     7     4    0.011476642320877
    9     2     9     1    0.000128189954730
    9     2     9     2    0.010204357164675
    9     3     4     3    0.005669843243015
    9     3     8     4    0.001604990500287
    9     3     9     3    0.001604990500287
    9     4     1     1    0.149505107598575
    9     4     2     1    0.035197358359453
    9     4     2     2    0.134045702075109
    9     4     3     3    0.128201936810162
    9     4     4     4    0.139541623296191
    9     4     5     1   -0.002240171786908
    9     4     5     2   -0.020401615219223
    9     4     5     5    0.134240439257686
    9     4     6     1    0.000000347115323
    9     4     6     2    0.005378588019578
    9     4     6     5   -0.008950787798369
    9     4     6     6    0.128143231739532
    9     4     7     1    0.005960927153370
    9     4     7     2    0.052734214677074
    9     4     7     5   -0.049170029780472
    9     4     7     6    0.031620629647483
    9     4     7     7    0.112961960861781
    9     4     8     3    0.027710710853357
    9     4     8     8    0.106713192827671
    9     4     9     4    0.030920691853931
    9     5     4     1   -0.002240171786908
    9     5     4     2   -0.020401615219222
    9     5     5     4    0.011708345690539
    9     5     6     4   -0.000383402312432
    9     5     7     4   -0.011203735220408
    9     5     9     1   -0.000095884546985
    9     5     9     2   -0.011245343143673
    9     5     9     5    0.013716148597912
    9     6     4     1    0.000325626780046
    9     6     4     2    0.003976072383325
    9     6     5     4   -0.002301570778668
    9     6     6     4    0.000653193737442
    9     6     7     4    0.003446200989354
    9     6     9     1    0.000013283124778
    9     6     9     2    0.005386102623984
    9     6     9     5   -0.007781301766531
    9     6     9     6    0.020296464709651
    9     7     4     1    0.003416880628238
    9     7     4     2    0.037853838030519
    9     7     5     4   -0.016696231684755
    9     7     6     4    0.001237249573715
    9     7     7     4    0.024317280603553
    9     7     9     1    0.000134039909822
    9     7     9     2    0.028263539776870
    9     7     9     5   -0.036312084459832
    9     7     9     6    0.030857748488400
    9     7     9     7    0.137996276062362
    9     8     4     3    0.004646671309828
    9     8     8     4    0.004246919375565
    9     8     9     3    0.004246919375565
    9     8     9     8    0.036268641432896
    9     9     1     1    0.402509981210609
    9     9     2     1    0.095269284554877
    9     9     2     2    0.398988975003150
    9     9     3     3    0.382983769510977
    9     9     4     4    0.392277112130633
    9     9     5     1   -0.007246495720002
    9     9     5     2   -0.087011638477111
    9     9     5     5    0.421246130901678
    9     9     6     1    0.000001116772618
    9     9     6     2    0.032592080876801
    9     9     6     5   -0.054425972629292
    9     9     6     6    0.852436078078990
    9     9     7     1    0.016225845743799
    9     9     7     2    0.196660907641240
    9     9     7     5   -0.209365429387780
    9     9     7     6    0.205335078720269
    9     9     7     7    0.624568371624206
    9     9     8     3    0.106713192827671
    9     9     8     8    0.600295437655869
    9     9     9     4    0.115207031578802
    9     9     9     9    0.672832720521661
   10     1     1     1    0.211352517117998
   10     1     2     1    0.038664130570358
   10     1     2     2    0.071927676142989
   10     1     3     3    0.071782920836273
   10     1     4     4    0.071782920836273
   10     1     5     1   -0.001826360115362
   10     1     5     2   -0.003393895982265
   10     1     5     5    0.072226335622716
   10     1     6     1    0.000000186302220
   10     1     6     2    0.001338344677592
   10     1     6     5   -0.002226152687448
   10     1     6     6    0.030691172149655
   10     1     7     1    0.006539141027357
   10     1     7     2    0.020712255586891
   10     1     7     5   -0.015864304500340
   10     1     7     6    0.007622524158245
   10     1     7     7    0.029897361885867
   10     1     8     3    0.010075172179462
   10     1     8     8    0.027433845704076
   10     1     9     4    0.010075172179462
   10     1     9     9    0.027433845704076
   10     1    10     1    0.011071252601087
   10     2     1     1    0.433333596545293
   10     2     2     1    0.100270802861313
   10     2     2     2    0.342578147379530
   10     2     3     3    0.337783399053126
   10     2     4     4    0.337783399053126
   10     2     5     1   -0.007507539347545
   10     2     5     2   -0.051797386317565
   10     2     5     5    0.351867142976827
   10     2     6     1    0.000001004650932
   10     2     6     2    0.011712440671165
   10     2     6     5   -0.019468804826984
   10     2     6     6    0.265924970664830
   10     2     7     1    0.017049693240078
   10     2     7     2    0.125911079862613
   10     2     7     5   -0.115375372962453
   10     2     7     6    0.065568791638286
   10     2     7     7    0.232452762371618
   10     2     8     3    0.066364434870583
   10     2     8     8    0.220329972114132
   10     2     9     4    0.066364434870583
   10     2     9     9    0.220329972114132
   10     2    10     1    0.028835169914560
   10     2    10     2    0.165377000248182
   10     3     3     1    0.011685504633872
   10     3     3     2    0.064677440784960
   10     3     5     3   -0.011974669769022
   10     3     6     3    0.000206829995084
   10     3     7     3    0.020278576436791
   10     3     8     1    0.000397926663378
   10     3     8     2    0.014397554762141
   10     3     8     5   -0.013379144313594
   10     3     8     6    0.003129730323951
   10     3     8     7    0.024754476101182
   10     3    10     3    0.028014866341904
   10     4     4     1    0.011685504633872
   10     4     4     2    0.064677440784960
   10     4     5     4   -0.011974669769022
   10     4     6     4    0.000206829995084
   10     4     7     4    0.020278576436791
   10     4     9     1    0.000397926663378
   10     4     9     2    0.014397554762141
   10     4     9     5   -0.013379144313594
   10     4     9     6    0.003129730323951
   10     4     9     7    0.024754476101182
   10     4    10     4    0.028014866341904
   10     5     1     1   -0.271649893075744
   10     5     2     1   -0.063742407449229
   10     5     2     2   -0.230820032355516
   10     5     3     3   -0.220044368938396
   10     5     4     4   -0.220044368938396
   10     5     5     1    0.015775211807041
   10     5     5     2    0.096015767565712
   10     5     5     5   -0.252125738418456
   10     5     6     1   -0.000000975736513
   10     5     6     2   -0.011562206883904
   10     5     6     5    0.019204896532215
   10     5     6     6   -0.256111255174361
   10     5     7     1   -0.011425706610061
   10     5     7     2   -0.103978325259945
   10     5     7     5    0.111083579494370
   10     5     7     6   -0.062855240029874
   10     5     7     7   -0.206707624296250
   10     5     8     3   -0.053589773101130
   10     5     8     8   -0.194828909704373
   10     5     9     4   -0.053589773101130
   10     5     9     9   -0.194828909704373
   10     5    10     1   -0.019380335088043
   10     5    10     2   -0.134752683936304
   10     5    10     5    0.133780603964853
   10     6     1     1    0.014347326095960
   10     6     2     1    0.003396054117887
   10     6     2     2    0.013706492383319
   10     6     3     3    0.011818190350313
   10     6     4     4    0.011818190350313
   10     6     5     1   -0.000651231312283
   10     6     5     2   -0.007085825678469
   10     6     5     5    0.017417828150688
   10     6     6     1    0.000000069784821
   10     6     6     2    0.001516044822033
   10     6     6     5   -0.002391484035068
   10     6     7     1    0.000602413952983
   10     6     7     2    0.007287735757996
   10     6     7     5   -0.008599909033356
   10     6     8     3    0.003129730323951
   10     6     9     4    0.003129730323951
   10     6    10     1    0.001021068785796
   10     6    10     2    0.011453070405719
   10     6    10     5   -0.014334119144142
   10     6    10     6    0.020296464709651
   10     7     1     1    0.151999187295543
   10     7     2     1    0.035570404955975
   10     7     2     2    0.127899495929098
   10     7     3     3    0.121611468323570
   10     7     4     4    0.121611468323570
   10     7     5     1   -0.005164922764659
   10     7     5     2   -0.041573016094585
   10     7     5     5    0.140198528393014
   10     7     6     1    0.000000499952321
   10     7     6     2    0.002841989017393
   10     7     6     5   -0.004491413017362
   10     7     7     1    0.006196584300673
   10     7     7     2    0.050070056080992
   10     7     7     5   -0.048783258303593
   10     7     8     3    0.024754476101182
   10     7     9     4    0.024754476101182
   10     7    10     1    0.010492943040957
   10     7    10     2    0.075275306825355
   10     7    10     5   -0.076054467920467
   10     7    10     6    0.030857748488400
   10     7    10     7    0.137996276062362
   10     8     3     1    0.002365730018197
   10     8     3     2    0.022115356148272
   10     8     5     3   -0.010212143295128
   10     8     6     3    0.000252498700347
   10     8     7     3    0.010579962989087
   10     8     8     1    0.000094385172117
   10     8     8     2    0.009511075873158
   10     8     8     5   -0.010433928336370
   10     8    10     3    0.014377077797969
   10     8    10     8    0.036268641432896
   10     9     4     1    0.002365730018197
   10     9     4     2    0.022115356148272
   10     9     5     4   -0.010212143295128
   10     9     6     4    0.000252498700347
   10     9     7     4    0.010579962989087
   10     9     9     1    0.000094385172117
   10     9     9     2    0.009511075873158
   10     9     9     5   -0.010433928336370
   10     9    10     4    0.014377077797969
   10     9    10     9    0.036268641432896
   10    10     1     1    0.509190066330216
   10    10     2     1    0.119833023422896
   10    10     2     2    0.470375342707474
   10    10     3     3    0.453853915256682
   10    10     4     4    0.453853915256682
   10    10     5     1   -0.011915121358446
   10    10     5     2   -0.112518180239782
   10    10     5     5    0.503039581590997
   10    10     6     1    0.000001494869601
   10    10     6     2    0.033129791096294
   10    10     6     5   -0.055381435686328
   10    10     6     6    0.852436078078990
   10    10     7     1    0.020566137626975
   10    10     7     2    0.216743878335996
   10    10     7     5   -0.227803922538145
   10    10     7     6    0.205335078720269
   10    10     7     7    0.624568371624206
   10    10     8     3    0.116843351250075
   10    10     8     8    0.600295437655869
   10    10     9     4    0.116843351250075
   10    10     9     9    0.600295437655869
   10    10    10     1    0.034792573653611
   10    10    10     2    0.256444761053206
   10    10    10     5   -0.230284688373485
   10    10    10    10    0.672832720521661
   11     1     1     1    0.016055379627667
   11     1     2     1    0.002943072759684
   11     1     2     2    0.005497099195676
   11     1     3     3    0.005489068134199
   11     1     4     1    0.000063083653677
   11     1     4     2    0.000119428543871
   11     1     4     4    0.005494442747911
   11     1     5     1   -0.000120435965903
   11     1     5     2   -0.000228006641962
   11     1     5     4   -0.000010260927452
   11     1     5     5    0.005508657752693
   11     1     6     1    0.000000014044437
   11     1     6     2    0.000101865196496
   11     1     6     4    0.000000087953575
   11     1     6     5   -0.000169439918540
   11     1     6     6    0.002337266587947
   11     1     7     1    0.000496877382549
   11     1     7     2    0.001578566411720
   11     1     7     4    0.000025747140639
   11     1     7     5   -0.001202871832129
   11     1     7     6    0.000580488504090
   11     1     7     7    0.002278301564257
   11     1     8     3    0.000768690478288
   11     1     8     8    0.002091634831090
   11     1     9     1    0.000001748223050
   11     1     9     2    0.000012516031622
   11     1     9     4    0.000769118283414
   11     1     9     5   -0.000008990491709
   11     1     9     6    0.000001267644722
   11     1     9     7    0.000012948761305
   11     1     9     9    0.002091827359603
   11     1    10     1    0.000841131062906
   11     1    10     2    0.002197142739272
   11     1    10     4    0.000039295371358
   11     1    10     5   -0.001466393873575
   11     1    10     6    0.000077344598737
   11     1    10     7    0.000796991902573
   11     1    10     9    0.000009039681461
   11     1    10    10    0.002648925962590
   11     1    11     1    0.000064099438735
   11     2     1     1    0.052615893575844
   11     2     2     1    0.012279330873536
   11     2     2     2    0.045238719130913
   11     2     3     3    0.044477241576866
   11     2     4     1    0.000428210995931
   11     2     4     2    0.003695968149265
   11     2     4     4    0.044959172910372
   11     2     5     1   -0.000817517722892
   11     2     5     2   -0.007056146371718
   11     2     5     4   -0.000920077742286
   11     2     5     5    0.046233805205321
   11     2     6     1    0.000000124642507
   11     2     6     2    0.002032354160317
   11     2     6     4    0.000033205321758
   11     2     6     5   -0.003385298033776
   11     2     6     6    0.049536479025648
   11     2     7     1    0.002082739860144
   11     2     7     2    0.018054741894499
   11     2     7     4    0.001579490204632
   11     2     7     5   -0.017180681342146
   11     2     7     6    0.012054690620793
   11     2     7     7    0.040817155876983
   11     2     8     3    0.009781988922852
   11     2     8     8    0.039589072377434
   11     2     9     1    0.000015492495860
   11     2     9     2    0.001425571519376
   11     2     9     4    0.010001330037330
   11     2     9     5   -0.001544390187247
   11     2     9     6    0.000696219080992
   11     2     9     7    0.004554238182652
   11     2     9     9    0.040666815061618
   11     2    10     1    0.003521305027784
   11     2    10     2    0.022535601008874
   11     2    10     4    0.001900050085507
   11     2    10     5   -0.018494770891543
   11     2    10     6    0.001021474471629
   11     2    10     7    0.007371253145057
   11     2    10     9    0.000913873346788
   11     2    10    10    0.042157464154370
   11     2    11     1    0.000270053705769
   11     2    11     2    0.003636018809279
   11     3     3     1    0.001101954923242
   11     3     3     2    0.007062839928032
   11     3     4     3    0.000738370429503
   11     3     5     3   -0.001409657663894
   11     3     6     3    0.000035377359330
   11     3     7     3    0.002491617455692
   11     3     8     1    0.000037895257161
   11     3     8     2    0.001966164276584
   11     3     8     4    0.000219673198129
   11     3     8     5   -0.001951729461176
   11     3     8     6    0.000664789312646
   11     3     8     7    0.004745215140020
   11     3     9     3    0.000219673198129
   11     3     9     8    0.000687261923368
   11     3    10     3    0.003246116945142
   11     3    10     8    0.001624172766253
   11     3    11     3    0.000457693892671
   11     4     1     1    0.021776803320427
   11     4     2     1    0.005135400356410
   11     4     2     2    0.020160289190145
   11     4     3     3    0.019404357603582
   11     4     4     1    0.001231549286181
   11     4     4     2    0.008383811473481
   11     4     4     4    0.021046673705168
   11     4     5     1   -0.000247414684575
   11     4     5     2   -0.002521928815706
   11     4     5     4   -0.001725765135603
   11     4     5     5    0.020007853223535
   11     4     6     1    0.000000048952247
   11     4     6     2    0.000835221490070
   11     4     6     4    0.000046377334984
   11     4     6     5   -0.001391248958791
   11     4     6     6    0.020298601201530
   11     4     7     1    0.000865426017146
   11     4     7     2    0.008019007756299
   11     4     7     4    0.003092572072666
   11     4     7     5   -0.007424604774403
   11     4     7     6    0.005027452781952
   11     4     7     7    0.018623849455637
   11     4     8     3    0.004302057352324
   11     4     8     8    0.017660715307685
   11     4     9     1    0.000042607856894
   11     4     9     2    0.002519242210494
   11     4     9     4    0.004830024983791
   11     4     9     5   -0.002544796169070
   11     4     9     6    0.000897680723459
   11     4     9     7    0.006648774656277
   11     4     9     9    0.019508945349682
   11     4    10     1    0.001462306885424
   11     4    10     2    0.009873031681362
   11     4    10     4    0.003940221613699
   11     4    10     5   -0.007735356507159
   11     4    10     6    0.000309524924011
   11     4    10     7    0.002766241937901
   11     4    10     9    0.001907388667676
   11     4    10    10    0.018679931344945
   11     4    11     1    0.000115922387681
   11     4    11     2    0.001953927865475
   11     4    11     4    0.001488759327325
   11     5     1     1   -0.041575117947809
   11     5     2     1   -0.009804234000070
   11     5     2     2   -0.038488954903496
   11     5     3     3   -0.037045770409914
   11     5     4     1   -0.000247414684575
   11     5     4     2   -0.002521928815706
   11     5     4     4   -0.037361877881622
   11     5     5     1    0.001574305917181
   11     5     5     2    0.011877572670308
   11     5     5     4    0.001341866049456
   11     5     5     5   -0.041017247568406
   11     5     6     1   -0.000000131007418
   11     5     6     2   -0.002454770484098
   11     5     6     4   -0.000045727208188
   11     5     6     5    0.004091444135742
   11     5     6     6   -0.060802061572476
   11     5     7     1   -0.001712770996641
   11     5     7     2   -0.018061948348040
   11     5     7     4   -0.001479803994041
   11     5     7     5    0.019108932987611
   11     5     7     6   -0.014682403563704
   11     5     7     7   -0.046782821752295
   11     5     8     3   -0.009745600775599
   11     5     8     8   -0.045553995180991
   11     5     9     1   -0.000010398980822
   11     5     9     2   -0.001531201840762
   11     5     9     4   -0.009983345146595
   11     5     9     5    0.001860553123918
   11     5     9     6   -0.001002441290472
   11     5     9     7   -0.006030675781607
   11     5     9     9   -0.047123062382183
   11     5    10     1   -0.002900437056370
   11     5    10     2   -0.021754781861831
   11     5    10     4   -0.001642137471785
   11     5    10     5    0.020258044948514
   11     5    10     6   -0.001070490976516
   11     5    10     7   -0.006250123826744
   11     5    10     9   -0.000681404571604
   11     5    10    10   -0.047637173519357
   11     5    11     1   -0.000221312874516
   11     5    11     2   -0.003730335452515
   11     5    11     4   -0.001968455444397
   11     5    11     5    0.004215764628382
   11     6     1     1    0.026851906948379
   11     6     2     1    0.006355951076805
   11     6     2     2    0.026741123065904
   11     6     3     3    0.025356643287732
   11     6     4     1    0.000026708369393
   11     6     4     2    0.000328412811826
   11     6     4     4    0.025369947374174
   11     6     5     1   -0.000589722103404
   11     6     5     2   -0.007240685740913
   11     6     5     4   -0.000182005319831
   11     6     5     5    0.029452089753983
   11     6     6     1    0.000000083429010
   11     6     6     2    0.004379548434854
   11     6     6     4    0.000046204451553
   11     6     6     5   -0.007343101759819
   11     6     6     6    0.145308927246598
   11     6     7     1    0.001089122942229
   11     6     7     2    0.014586480667835
   11     6     7     4    0.000285263986218
   11     6     7     5   -0.016628332791602
   11     6     7     6    0.027995332260969
   11     6     7     7    0.051214503944323
   11     6     8     3    0.007695622305031
   11     6     8     8    0.051038647656320
   11     6     9     1    0.000001078665230
   11     6     9     2    0.000437610167193
   11     6     9     4    0.007721120525887
   11     6     9     5   -0.000630466740995
   11     6     9     6    0.001460043433727
   11     6     9     7    0.002703184504485
   11     6     9     9    0.051429232666081
   11     6    10     1    0.001842149134576
   11     6    10     2    0.015705353352468
   11     6    10     4    0.000247429872456
   11     6    10     5   -0.014868631938735
   11     6    10     6   -0.000916996911766
   11     6    10     7   -0.001697765823459
   11     6    10     9   -0.000245311365032
   11     6    10    10    0.051192718253782
   11     6    11     1    0.000140416150206
   11     6    11     2    0.003012026982285
   11     6    11     4    0.001317371952930
   11     6    11     5   -0.003693918888567
   11     6    11     6    0.007164869256114
   11     7     1     1    0.165610240088737
   11     7     2     1    0.039169823985660
   11     7     2     2    0.163501373208466
   11     7     3     3    0.159266545511733
   11     7     4     1    0.000787319485583
   11     7     4     2    0.009415304212597
   11     7     4     4    0.160407644501647
   11     7     5     1   -0.002618869106517
   11     7     5     2   -0.030971692199272
   11     7     5     4   -0.003461209649710
   11     7     5     5    0.170726383560155
   11     7     6     1    0.000000441007872
   11     7     6     2    0.012488419568050
   11     7     6     4    0.000246472850832
   11     7     6     5   -0.020891973605818
   11     7     6     6    0.331736623114680
   11     7     7     1    0.006650068810984
   11     7     7     2    0.078667030601327
   11     7     7     4    0.006232418998067
   11     7     7     5   -0.082547102773607
   11     7     7     6    0.080660614531493
   11     7     7     7    0.268093238228292
   11     7     8     3    0.044256509581581
   11     7     8     8    0.261831102544021
   11     7     9     1    0.000029953244660
   11     7     9     2    0.007188328092511
   11     7     9     4    0.045440386558359
   11     7     9     5   -0.009179824441483
   11     7     9     6    0.006502732121062
   11     7     9     7    0.043826196692738
   11     7     9     9    0.275128514285239
   11     7    10     1    0.011241819141456
   11     7    10     2    0.087154490320111
   11     7    10     4    0.005767879810638
   11     7    10     5   -0.073963575168159
   11     7    10     6   -0.004084114989537
   11     7    10     7   -0.027525542112898
   11     7    10     9   -0.008351590931825
   11     7    10    10    0.267076414372362
   11     7    11     1    0.000860430672778
   11     7    11     2    0.017954521427652
   11     7    11     4    0.010035521755578
   11     7    11     5   -0.021158483890783
   11     7    11     6    0.021027005657721
   11     7    11     7    0.147918132281332
   11     8     3     1    0.000832747594308
   11     8     3     2    0.009758941097432
   11     8     4     3    0.000868267175218
   11     8     5     3   -0.003952506784130
   11     8     6     3    0.000317409905777
   11     8     7     3    0.006523160557461
   11     8     8     1    0.000032157472648
   11     8     8     2    0.007692759244873
   11     8     8     4    0.000852604551148
   11     8     8     5   -0.009939044804426
   11     8     8     6    0.008410367971548
   11     8     8     7    0.043688931932684
   11     8     9     3    0.000852604551148
   11     8     9     8    0.008696901358842
   11     8    10     3    0.006205719048554
   11     8    10     8   -0.005462187975901
   11     8    11     3    0.001539515317011
   11     8    11     8    0.018737759656409
   11     9     1     1    0.124994094187232
   11     9     2     1    0.029585979940103
   11     9     2     2    0.124654889892020
   11     9     3     3    0.121184392768391
   11     9     4     1    0.001340387456536
   11     9     4     2    0.016077881053245
   11     9     4     4    0.123653895277403
   11     9     5     1   -0.001749105012285
   11     9     5     2   -0.021680206894468
   11     9     5     4   -0.006184455069577
   11     9     5     5    0.129059344531664
   11     9     6     1    0.000000322630625
   11     9     6     2    0.008934111377021
   11     9     6     4    0.000473033985126
   11     9     6     5   -0.014937607519647
   11     9     6     6    0.233884011181514
   11     9     7     1    0.005009724985785
   11     9     7     2    0.059571743873019
   11     9     7     4    0.010810691334127
   11     9     7     5   -0.061850836882033
   11     9     7     6    0.057628138638555
   11     9     7     7    0.203109979883184
   11     9     8     3    0.033234867829365
   11     9     8     8    0.192825236419979
   11     9     9     1    0.000051336023798
   11     9     9     2    0.012641128098518
   11     9     9     4    0.035757259320717
   11     9     9     5   -0.016243432328049
   11     9     9     6    0.012480087547100
   11     9     9     7    0.074667810051925
   11     9     9     9    0.219718628908709
   11     9    10     1    0.008467398117055
   11     9    10     2    0.065752892232980
   11     9    10     4    0.010061502757123
   11     9    10     5   -0.054813671095035
   11     9    10     6   -0.002556033742785
   11     9    10     7   -0.019456637322645
   11     9    10     9   -0.011428513553532
   11     9    10    10    0.196572455169024
   11     9    11     1    0.000651176953772
   11     9    11     2    0.015234745724391
   11     9    11     4    0.009970674271683
   11     9    11     5   -0.018194139135992
   11     9    11     6    0.015768219175285
   11     9    11     7    0.133238520697630
   11     9    11     9    0.136589028258118
   11    10     1     1   -0.041626017746523
   11    10     2     1   -0.009905304153904
   11    10     2     2   -0.044858835272431
   11    10     3     3   -0.044537158730590
   11    10     4     1    0.000074259589122
   11    10     4     2    0.000191375836414
   11    10     4     4   -0.044363712695731
   11    10     5     1    0.000108305815697
   11    10     5     2    0.004457704309398
   11    10     5     4   -0.000183932526054
   11    10     5     5   -0.045723436651509
   11    10     6     1   -0.000000092551376
   11    10     6     2   -0.004878462600224
   11    10     6     4   -0.000062404952130
   11    10     6     5    0.008233621629646
   11    10     6     6   -0.146893517693198
   11    10     7     1   -0.001650496722271
   11    10     7     2   -0.023774498980710
   11    10     7     4   -0.000591526754981
   11    10     7     5    0.025894075526720
   11    10     7     6   -0.036194008987467
   11    10     7     7   -0.127565536750097
   11    10     8     3   -0.014132330310933
   11    10     8     8   -0.121106086451420
   11    10     9     1    0.000003091982479
   11    10     9     2   -0.001165632180961
   11    10     9     4   -0.014257697313191
   11    10     9     5    0.001916386390190
   11    10     9     6   -0.002556033742785
   11    10     9     7   -0.019456637322645
   11    10     9     9   -0.127072412029051
   11    10    10     1   -0.002786842316866
   11    10    10     2   -0.021740903755404
   11    10    10     4    0.000221289986654
   11    10    10     5    0.015364693107664
   11    10    10     6    0.010015714082739
   11    10    10     7    0.055908894658507
   11    10    10     9    0.012444120107887
   11    10    10    10   -0.134383945827900
   11    10    11     1   -0.000212904170200
   11    10    11     2   -0.006158919609267
   11    10    11     4   -0.003397521986354
   11    10    11     5    0.008036573341173
   11    10    11     6   -0.009903409688905
   11    10    11     7   -0.083681970813830
   11    10    11     9   -0.074017831839200
   11    10    11    10    0.065225502174411
   11    11     1     1    0.265501994771394
   11    11     2     1    0.062841364099684
   11    11     2     2    0.265159983542830
   11    11     3     3    0.259837013609236
   11    11     4     1    0.001653986908674
   11    11     4     2    0.020697253641641
   11    11     4     4    0.263265210996461
   11    11     5     1   -0.003157704085418
   11    11     5     2   -0.039514098955919
   11    11     5     4   -0.006544932634285
   11    11     5     5    0.272332251878464
   11    11     6     1    0.000000661845371
   11    11     6     2    0.017967349179993
   11    11     6     4    0.000457265575384
   11    11     6     5   -0.030064883153478
   11    11     6     6    0.473649803127449
   11    11     7     1    0.010608820505492
   11    11     7     2    0.123981122501768
   11    11     7     4    0.013810501755869
   11    11     7     5   -0.126877680976977
   11    11     7     6    0.117150505898777
   11    11     7     7    0.440936974871925
   11    11     8     3    0.070456333968400
   11    11     8     8    0.417392054913531
   11    11     9     1    0.000061740230981
   11    11     9     2    0.015697789866683
   11    11     9     4    0.074269467319059
   11    11     9     5   -0.019942851280993
   11    11     9     6    0.012312346782357
   11    11     9     7    0.109740035268709
   11    11     9     9    0.467691083488839
   11    11    10     1    0.017928056436953
   11    11    10     2    0.136324239995753
   11    11    10     4    0.012080806102473
   11    11    10     5   -0.109889035417160
   11    11    10     6   -0.007732909662283
   11    11    10     7   -0.068923479339020
   11    11    10     9   -0.031590877917018
   11    11    10    10    0.437233065681239
   11    11    11     1    0.001374748910698
   11    11    11     2    0.030638314523394
   11    11    11     4    0.019120349539326
   11    11    11     5   -0.036503557276248
   11    11    11     6    0.031045546340937
   11    11    11     7    0.302081587980883
   11    11    11     9    0.301218414159760
   11    11    11    10   -0.189183656575627
   11    11    11    11    0.774605943919898
   12     1     1     1    0.016055379627667
   12     1     2     1    0.002943072759684
   12     1     2     2    0.005497099195676
   12     1     3     3    0.005489068134199
   12     1     4     1   -0.000063083653677
   12     1     4     2   -0.000119428543871
   12     1     4     4    0.005494442747911
   12     1     5     1   -0.000120435965903
   12     1     5     2   -0.000228006641962
   12     1     5     4    0.000010260927452
   12     1     5     5    0.005508657752693
   12     1     6     1    0.000000014044437
   12     1     6     2    0.000101865196496
   12     1     6     4   -0.000000087953575
   12     1     6     5   -0.000169439918540
   12     1     6     6    0.002337266587947
   12     1     7     1    0.000496877382549
   12     1     7     2    0.001578566411720
   12     1     7     4   -0.000025747140639
   12     1     7     5   -0.001202871832129
   12     1     7     6    0.000580488504090
   12     1     7     7    0.002278301564257
   12     1     8     3    0.000768690478288
   12     1     8     8    0.002091634831090
   12     1     9     1   -0.000001748223050
   12     1     9     2   -0.000012516031622
   12     1     9     4    0.000769118283414
   12     1     9     5    0.000008990491709
   12     1     9     6   -0.000001267644722
   12     1     9     7   -0.000012948761305
   12     1     9     9    0.002091827359603
   12     1    10     1    0.000841131062906
   12     1    10     2    0.002197142739272
   12     1    10     4   -0.000039295371358
   12     1    10     5   -0.001466393873575
   12     1    10     6    0.000077344598737
   12     1    10     7    0.000796991902573
   12     1    10     9   -0.000009039681461
   12     1    10    10    0.002648925962590
   12     1    11     1    0.000063751134541
   12     1    11     2    0.000266998128938
   12     1    11     4    0.000107488621322
   12     1    11     5   -0.000219345090956
   12     1    11     6    0.000140209526501
   12     1    11     7    0.000854575200993
   12     1    11     9    0.000641162999837
   12     1    11    10   -0.000213483718908
   12     1    11    11    0.001362593334976
   12     1    12     1    0.000064099438735
   12     2     1     1    0.052615893575844
   12     2     2     1    0.012279330873536
   12     2     2     2    0.045238719130913
   12     2     3     3    0.044477241576866
   12     2     4     1   -0.000428210995931
   12     2     4     2   -0.003695968149265
   12     2     4     4    0.044959172910372
   12     2     5     1   -0.000817517722892
   12     2     5     2   -0.007056146371718
   12     2     5     4    0.000920077742286
   12     2     5     5    0.046233805205321
   12     2     6     1    0.000000124642507
   12     2     6     2    0.002032354160317
   12     2     6     4   -0.000033205321758
   12     2     6     5   -0.003385298033776
   12     2     6     6    0.049536479025648
   12     2     7     1    0.002082739860144
   12     2     7     2    0.018054741894499
   12     2     7     4   -0.001579490204632
   12     2     7     5   -0.017180681342146
   12     2     7     6    0.012054690620793
   12     2     7     7    0.040817155876983
   12     2     8     3    0.009781988922852
   12     2     8     8    0.039589072377434
   12     2     9     1   -0.000015492495860
   12     2     9     2   -0.001425571519376
   12     2     9     4    0.010001330037330
   12     2     9     5    0.001544390187247
   12     2     9     6   -0.000696219080992
   12     2     9     7   -0.004554238182652
   12     2     9     9    0.040666815061618
   12     2    10     1    0.003521305027784
   12     2    10     2    0.022535601008874
   12     2    10     4   -0.001900050085507
   12     2    10     5   -0.018494770891543
   12     2    10     6    0.001021474471629
   12     2    10     7    0.007371253145057
   12     2    10     9   -0.000913873346788
   12     2    10    10    0.042157464154370
   12     2    11     1    0.000266998128938
   12     2    11     2    0.003190090723097
   12     2    11     4    0.001193089304775
   12     2    11     5   -0.003241459896722
   12     2    11     6    0.002889903126440
   12     2    11     7    0.015108409737662
   12     2    11     9    0.010381285456650
   12     2    11    10   -0.005341423295003
   12     2    11    11    0.023455629070440
   12     2    12     1    0.000270053705769
   12     2    12     2    0.003636018809279
   12     3     3     1    0.001101954923242
   12     3     3     2    0.007062839928032
   12     3     4     3   -0.000738370429503
   12     3     5     3   -0.001409657663894
   12     3     6     3    0.000035377359330
   12     3     7     3    0.002491617455692
   12     3     8     1    0.000037895257161
   12     3     8     2    0.001966164276584
   12     3     8     4   -0.000219673198129
   12     3     8     5   -0.001951729461176
   12     3     8     6    0.000664789312646
   12     3     8     7    0.004745215140020
   12     3     9     3   -0.000219673198129
   12     3     9     8   -0.000687261923368
   12     3    10     3    0.003246116945142
   12     3    10     8    0.001624172766253
   12     3    11     3    0.000390948476653
   12     3    11     8    0.001200207973639
   12     3    12     3    0.000457693892671
   12     4     1     1   -0.021776803320427
   12     4     2     1   -0.005135400356410
   12     4     2     2   -0.020160289190145
   12     4     3     3   -0.019404357603582
   12     4     4     1    0.001231549286181
   12     4     4     2    0.008383811473481
   12     4     4     4   -0.021046673705168
   12     4     5     1    0.000247414684575
   12     4     5     2    0.002521928815706
   12     4     5     4   -0.001725765135603
   12     4     5     5   -0.020007853223535
   12     4     6     1   -0.000000048952247
   12     4     6     2   -0.000835221490070
   12     4     6     4    0.000046377334984
   12     4     6     5    0.001391248958791
   12     4     6     6   -0.020298601201530
   12     4     7     1   -0.000865426017146
   12     4     7     2   -0.008019007756299
   12     4     7     4    0.003092572072666
   12     4     7     5    0.007424604774403
   12     4     7     6   -0.005027452781952
   12     4     7     7   -0.018623849455637
   12     4     8     3   -0.004302057352324
   12     4     8     8   -0.017660715307685
   12     4     9     1    0.000042607856894
   12     4     9     2    0.002519242210494
   12     4     9     4   -0.004830024983791
   12     4     9     5   -0.002544796169070
   12     4     9     6    0.000897680723459
   12     4     9     7    0.006648774656277
   12     4     9     9   -0.019508945349682
   12     4    10     1   -0.001462306885424
   12     4    10     2   -0.009873031681362
   12     4    10     4    0.003940221613699
   12     4    10     5    0.007735356507159
   12     4    10     6   -0.000309524924011
   12     4    10     7   -0.002766241937901
   12     4    10     9    0.001907388667676
   12     4    10    10   -0.018679931344945
   12     4    11     1   -0.000107488621322
   12     4    11     2   -0.001193089304775
   12     4    11     4   -0.000097648365974
   12     4    11     5    0.001200093863292
   12     4    11     6   -0.001161356618540
   12     4    11     7   -0.005976181811489
   12     4    11     9   -0.003052810810113
   12     4    11    10    0.002471493674228
   12     4    11    11   -0.008897396216875
   12     4    12     1   -0.000115922387681
   12     4    12     2   -0.001953927865475
   12     4    12     4    0.001488759327325
   12     5     1     1   -0.041575117947809
   12     5     2     1   -0.009804234000070
   12     5     2     2   -0.038488954903496
   12     5     3     3   -0.037045770409914
   12     5     4     1    0.000247414684575
   12     5     4     2    0.002521928815706
   12     5     4     4   -0.037361877881622
   12     5     5     1    0.001574305917181
   12     5     5     2    0.011877572670308
   12     5     5     4   -0.001341866049456
   12     5     5     5   -0.041017247568406
   12     5     6     1   -0.000000131007418
   12     5     6     2   -0.002454770484098
   12     5     6     4    0.000045727208188
   12     5     6     5    0.004091444135742
   12     5     6     6   -0.060802061572476
   12     5     7     1   -0.001712770996641
   12     5     7     2   -0.018061948348040
   12     5     7     4    0.001479803994041
   12     5     7     5    0.019108932987611
   12     5     7     6   -0.014682403563704
   12     5     7     7   -0.046782821752295
   12     5     8     3   -0.009745600775599
   12     5     8     8   -0.045553995180991
   12     5     9     1    0.000010398980822
   12     5     9     2    0.001531201840762
   12     5     9     4   -0.009983345146595
   12     5     9     5   -0.001860553123918
   12     5     9     6    0.001002441290472
   12     5     9     7    0.006030675781607
   12     5     9     9   -0.047123062382183
   12     5    10     1   -0.002900437056370
   12     5    10     2   -0.021754781861831
   12     5    10     4    0.001642137471785
   12     5    10     5    0.020258044948514
   12     5    10     6   -0.001070490976516
   12     5    10     7   -0.006250123826744
   12     5    10     9    0.000681404571604
   12     5    10    10   -0.047637173519357
   12     5    11     1   -0.000219345090956
   12     5    11     2   -0.003241459896722
   12     5    11     4   -0.001200093863292
   12     5    11     5    0.003605780494381
   12     5    11     6   -0.003516233950240
   12     5    11     7   -0.017205561556568
   12     5    11     9   -0.011482640479517
   12     5    11    10    0.006591191561607
   12     5    11    11   -0.026179382670378
   12     5    12     1   -0.000221312874516
   12     5    12     2   -0.003730335452515
   12     5    12     4    0.001968455444397
   12     5    12     5    0.004215764628382
   12     6     1     1    0.026851906948379
   12     6     2     1    0.006355951076805
   12     6     2     2    0.026741123065904
   12     6     3     3    0.025356643287732
   12     6     4     1   -0.000026708369393
   12     6     4     2   -0.000328412811826
   12     6     4     4    0.025369947374174
   12     6     5     1   -0.000589722103404
   12     6     5     2   -0.007240685740913
   12     6     5     4    0.000182005319831
   12     6     5     5    0.029452089753983
   12     6     6     1    0.000000083429010
   12     6     6     2    0.004379548434854
   12     6     6     4   -0.000046204451553
   12     6     6     5   -0.007343101759819
   12     6     6     6    0.145308927246598
   12     6     7     1    0.001089122942229
   12     6     7     2    0.014586480667835
   12     6     7     4   -0.000285263986218
   12     6     7     5   -0.016628332791602
   12     6     7     6    0.027995332260969
   12     6     7     7    0.051214503944323
   12     6     8     3    0.007695622305031
   12     6     8     8    0.051038647656320
   12     6     9     1   -0.000001078665230
   12     6     9     2   -0.000437610167193
   12     6     9     4    0.007721120525887
   12     6     9     5    0.000630466740995
   12     6     9     6   -0.001460043433727
   12     6     9     7   -0.002703184504485
   12     6     9     9    0.051429232666081
   12     6    10     1    0.001842149134576
   12     6    10     2    0.015705353352468
   12     6    10     4   -0.000247429872456
   12     6    10     5   -0.014868631938735
   12     6    10     6   -0.000916996911766
   12     6    10     7   -0.001697765823459
   12     6    10     9    0.000245311365032
   12     6    10    10    0.051192718253782
   12     6    11     1    0.000140209526501
   12     6    11     2    0.002889903126440
   12     6    11     4    0.001161356618540
   12     6    11     5   -0.003516233950240
   12     6    11     6    0.006939230806526
   12     6    11     7    0.019758924879757
   12     6    11     9    0.013412761526053
   12     6    11    10   -0.009314762555358
   12     6    11    11    0.028525888234110
   12     6    12     1    0.000140416150206
   12     6    12     2    0.003012026982285
   12     6    12     4   -0.001317371952930
   12     6    12     5   -0.003693918888567
   12     6    12     6    0.007164869256114
   12     7     1     1    0.165610240088737
   12     7     2     1    0.039169823985660
   12     7     2     2    0.163501373208466
   12     7     3     3    0.159266545511733
   12     7     4     1   -0.000787319485583
   12     7     4     2   -0.009415304212597
   12     7     4     4    0.160407644501647
   12     7     5     1   -0.002618869106517
   12     7     5     2   -0.030971692199272
   12     7     5     4    0.003461209649710
   12     7     5     5    0.170726383560155
   12     7     6     1    0.000000441007872
   12     7     6     2    0.012488419568050
   12     7     6     4   -0.000246472850832
   12     7     6     5   -0.020891973605818
   12     7     6     6    0.331736623114680
   12     7     7     1    0.006650068810984
   12     7     7     2    0.078667030601327
   12     7     7     4   -0.006232418998067
   12     7     7     5   -0.082547102773607
   12     7     7     6    0.080660614531493
   12     7     7     7    0.268093238228292
   12     7     8     3    0.044256509581581
   12     7     8     8    0.261831102544021
   12     7     9     1   -0.000029953244660
   12     7     9     2   -0.007188328092511
   12     7     9     4    0.045440386558359
   12     7     9     5    0.009179824441483
   12     7     9     6   -0.006502732121062
   12     7     9     7   -0.043826196692738
   12     7     9     9    0.275128514285239
   12     7    10     1    0.011241819141456
   12     7    10     2    0.087154490320111
   12     7    10     4   -0.005767879810638
   12     7    10     5   -0.073963575168159
   12     7    10     6   -0.004084114989537
   12     7    10     7   -0.027525542112898
   12     7    10     9    0.008351590931825
   12     7    10    10    0.267076414372362
   12     7    11     1    0.000854575200993
   12     7    11     2    0.015108409737662
   12     7    11     4    0.005976181811489
   12     7    11     5   -0.017205561556568
   12     7    11     6    0.019758924879757
   12     7    11     7    0.108177421869344
   12     7    11     9    0.069514949663184
   12     7    11    10   -0.059533711895291
   12     7    11    11    0.174472205389845
   12     7    12     1    0.000860430672778
   12     7    12     2    0.017954521427652
   12     7    12     4   -0.010035521755578
   12     7    12     5   -0.021158483890783
   12     7    12     6    0.021027005657721
   12     7    12     7    0.147918132281332
   12     8     3     1    0.000832747594308
   12     8     3     2    0.009758941097432
   12     8     4     3   -0.000868267175218
   12     8     5     3   -0.003952506784130
   12     8     6     3    0.000317409905777
   12     8     7     3    0.006523160557461
   12     8     8     1    0.000032157472648
   12     8     8     2    0.007692759244873
   12     8     8     4   -0.000852604551148
   12     8     8     5   -0.009939044804426
   12     8     8     6    0.008410367971548
   12     8     8     7    0.043688931932684
   12     8     9     3   -0.000852604551148
   12     8     9     8   -0.008696901358842
   12     8    10     3    0.006205719048554
   12     8    10     8   -0.005462187975901
   12     8    11     3    0.001200207973639
   12     8    11     8    0.012881476598779
   12     8    12     3    0.001539515317011
   12     8    12     8    0.018737759656409
   12     9     1     1   -0.124994094187232
   12     9     2     1   -0.029585979940103
   12     9     2     2   -0.124654889892020
   12     9     3     3   -0.121184392768391
   12     9     4     1    0.001340387456536
   12     9     4     2    0.016077881053245
   12     9     4     4   -0.123653895277403
   12     9     5     1    0.001749105012285
   12     9     5     2    0.021680206894468
   12     9     5     4   -0.006184455069577
   12     9     5     5   -0.129059344531664
   12     9     6     1   -0.000000322630625
   12     9     6     2   -0.008934111377021
   12     9     6     4    0.000473033985126
   12     9     6     5    0.014937607519647
   12     9     6     6   -0.233884011181514
   12     9     7     1   -0.005009724985785
   12     9     7     2   -0.059571743873019
   12     9     7     4    0.010810691334127
   12     9     7     5    0.061850836882033
   12     9     7     6   -0.057628138638555
   12     9     7     7   -0.203109979883184
   12     9     8     3   -0.033234867829365
   12     9     8     8   -0.192825236419979
   12     9     9     1    0.000051336023798
   12     9     9     2    0.012641128098518
   12     9     9     4   -0.035757259320717
   12     9     9     5   -0.016243432328049
   12     9     9     6    0.012480087547100
   12     9     9     7    0.074667810051925
   12     9     9     9   -0.219718628908709
   12     9    10     1   -0.008467398117055
   12     9    10     2   -0.065752892232980
   12     9    10     4    0.010061502757123
   12     9    10     5    0.054813671095035
   12     9    10     6    0.002556033742785
   12     9    10     7    0.019456637322645
   12     9    10     9   -0.011428513553532
   12     9    10    10   -0.196572455169024
   12     9    11     1   -0.000641162999837
   12     9    11     2   -0.010381285456650
   12     9    11     4   -0.003052810810113
   12     9    11     5    0.011482640479517
   12     9    11     6   -0.013412761526053
   12     9    11     7   -0.069514949663184
   12     9    11     9   -0.032923598416275
   12     9    11    10    0.037458110525836
   12     9    11    11   -0.102439159954492
   12     9    12     1   -0.000651176953772
   12     9    12     2   -0.015234745724391
   12     9    12     4    0.009970674271683
   12     9    12     5    0.018194139135992
   12     9    12     6   -0.015768219175285
   12     9    12     7   -0.133238520697630
   12     9    12     9    0.136589028258118
   12    10     1     1   -0.041626017746523
   12    10     2     1   -0.009905304153904
   12    10     2     2   -0.044858835272431
   12    10     3     3   -0.044537158730590
   12    10     4     1   -0.000074259589122
   12    10     4     2   -0.000191375836414
   12    10     4     4   -0.044363712695731
   12    10     5     1    0.000108305815697
   12    10     5     2    0.004457704309398
   12    10     5     4    0.000183932526054
   12    10     5     5   -0.045723436651509
   12    10     6     1   -0.000000092551376
   12    10     6     2   -0.004878462600224
   12    10     6     4    0.000062404952130
   12    10     6     5    0.008233621629646
   12    10     6     6   -0.146893517693198
   12    10     7     1   -0.001650496722271
   12    10     7     2   -0.023774498980710
   12    10     7     4    0.000591526754981
   12    10     7     5    0.025894075526720
   12    10     7     6   -0.036194008987467
   12    10     7     7   -0.127565536750097
   12    10     8     3   -0.014132330310933
   12    10     8     8   -0.121106086451420
   12    10     9     1   -0.000003091982479
   12    10     9     2    0.001165632180961
   12    10     9     4   -0.014257697313191
   12    10     9     5   -0.001916386390190
   12    10     9     6    0.002556033742785
   12    10     9     7    0.019456637322645
   12    10     9     9   -0.127072412029051
   12    10    10     1   -0.002786842316866
   12    10    10     2   -0.021740903755404
   12    10    10     4   -0.000221289986654
   12    10    10     5    0.015364693107664
   12    10    10     6    0.010015714082739
   12    10    10     7    0.055908894658507
   12    10    10     9   -0.012444120107887
   12    10    10    10   -0.134383945827900
   12    10    11     1   -0.000213483718908
   12    10    11     2   -0.005341423295003
   12    10    11     4   -0.002471493674228
   12    10    11     5    0.006591191561607
   12    10    11     6   -0.009314762555358
   12    10    11     7   -0.059533711895291
   12    10    11     9   -0.037458110525836
   12    10    11    10    0.044971137359695
   12    10    11    11   -0.102237620775758
   12    10    12     1   -0.000212904170200
   12    10    12     2   -0.006158919609267
   12    10    12     4    0.003397521986354
   12    10    12     5    0.008036573341173
   12    10    12     6   -0.009903409688905
   12    10    12     7   -0.083681970813830
   12    10    12     9    0.074017831839200
   12    10    12    10    0.065225502174411
   12    11     1     1    0.044405020249072
   12    11     2     1    0.010506959715767
   12    11     2     2    0.044139466720979
   12    11     3     3    0.043195192030601
   12    11     4     4    0.043329196849862
   12    11     5     1   -0.000628180305020
   12    11     5     2   -0.007669184602470
   12    11     5     5    0.045876815099224
   12    11     6     1    0.000000115465417
   12    11     6     2    0.003416027249625
   12    11     6     5   -0.005721469016907
   12    11     6     6    0.092156182827970
   12    11     7     1    0.001779601265416
   12    11     7     2    0.021233071146693
   12    11     7     5   -0.022246774695949
   12    11     7     6    0.022481720406151
   12    11     7     7    0.077373851658649
   12    11     8     3    0.012093911969127
   12    11     8     8    0.075303494273598
   12    11     9     4    0.012260468841821
   12    11     9     9    0.077627412029733
   12    11    10     1    0.003007965360955
   12    11    10     2    0.023149740607700
   12    11    10     5   -0.019186057138711
   12    11    10     6   -0.001885220483692
   12    11    10     7   -0.013516407233136
   12    11    10    10    0.079116243423545
   12    11    11     1    0.000229519468176
   12    11    11     2    0.004527658340653
   12    11    11     4    0.002202298050390
   12    11    11     5   -0.005297186981340
   12    11    11     6    0.005725668014838
   12    11    11     7    0.038623864712122
   12    11    11     9    0.030098363487261
   12    11    11    10   -0.024004511557853
   12    11    11    11    0.074094081905314
   12    11    12     1    0.000229519468176
   12    11    12     2    0.004527658340653
   12    11    12     4   -0.002202298050390
   12    11    12     5   -0.005297186981340
   12    11    12     6    0.005725668014838
   12    11    12     7    0.038623864712122
   12    11    12     9   -0.030098363487261
   12    11    12    10   -0.024004511557853
   12    11    12    11    0.012228078776900
   12    12     1     1    0.265501994771394
   12    12     2     1    0.062841364099684
   12    12     2     2    0.265159983542830
   12    12     3     3    0.259837013609236
   12    12     4     1   -0.001653986908674
   12    12     4     2   -0.020697253641641
   12    12     4     4    0.263265210996461
   12    12     5     1   -0.003157704085418
   12    12     5     2   -0.039514098955919
   12    12     5     4    0.006544932634285
   12    12     5     5    0.272332251878464
   12    12     6     1    0.000000661845371
   12    12     6     2    0.017967349179993
   12    12     6     4   -0.000457265575384
   12    12     6     5   -0.030064883153478
   12    12     6     6    0.473649803127449
   12    12     7     1    0.010608820505492
   12    12     7     2    0.123981122501768
   12    12     7     4   -0.013810501755869
   12    12     7     5   -0.126877680976977
   12    12     7     6    0.117150505898777
   12    12     7     7    0.440936974871925
   12    12     8     3    0.070456333968400
   12    12     8     8    0.417392054913531
   12    12     9     1   -0.000061740230981
   12    12     9     2   -0.015697789866683
   12    12     9     4    0.074269467319059
   12    12     9     5    0.019942851280993
   12    12     9     6   -0.012312346782357
   12    12     9     7   -0.109740035268709
   12    12     9     9    0.467691083488839
   12    12    10     1    0.017928056436953
   12    12    10     2    0.136324239995753
   12    12    10     4   -0.012080806102473
   12    12    10     5   -0.109889035417160
   12    12    10     6   -0.007732909662283
   12    12    10     7   -0.068923479339020
   12    12    10     9    0.031590877917018
   12    12    10    10    0.437233065681239
   12    12    11     1    0.001362593334976
   12    12    11     2    0.023455629070440
   12    12    11     4    0.008897396216875
   12    12    11     5   -0.026179382670378
   12    12    11     6    0.028525888234110
   12    12    11     7    0.174472205389845
   12    12    11     9    0.102439159954492
   12    12    11    10   -0.102237620775758
   12    12    11    11    0.284540050977988
   12    12    12     1    0.001374748910698
   12    12    12     2    0.030638314523394
   12    12    12     4   -0.019120349539326
   12    12    12     5   -0.036503557276248
   12    12    12     6    0.031045546340937
   12    12    12     7    0.302081587980883
   12    12    12     9   -0.301218414159760
   12    12    12    10   -0.189183656575627
   12    12    12    11    0.074094081905314
   12    12    12    12    0.774605943919898
