-------------------------------------
-----------BACHELORPROJEKT-----------
-------------------------------------

Indholdet fra den indlæste .xyz-fil "../input/47cycloax-STO-3G/geom.xyz":

//////////////////////////////////////////////////
19
Aksial Cyklohexanol
C -2.091684797072  1.098828425850 -1.000335906730
C -2.134802675214 -1.802122082092 -0.938453049408
C -0.726867988092 -2.807537572310  1.390405588746
C  1.998353119658 -1.814932534646  1.454265099464
C  2.046418300468  1.085919707544  1.381722297776
C  0.602503230306  2.131214085540 -0.889533712446
O  1.892895070502  1.500085285786 -3.130546547764
H -3.060458500150  1.797479025310 -2.738520999338
H -3.180437203890  1.839039769228  0.648121215946
H -4.129272407942 -2.489343618704 -0.922804228402
H -1.236243631392 -2.563912206664 -2.687197930904
H -0.724347093608 -4.917010360220  1.374975975956
H -1.737349833716 -2.200200422896  3.139180705858
H  2.972297113072 -2.504646619852  3.193844809860
H  3.066235392532 -2.586912061810 -0.191621995852
H  4.040124583892  1.772649915396  1.342967796968
H  1.173986608322  1.831531887830  3.152038401562
H  0.564806976058  4.238645969370 -0.809785385520
H  3.505222521784  2.332783599056 -3.148190919426
//////////////////////////////////////////////////

-----------HF-ENERGIBEREGNINGEN-----------

Det brugte basissæt er: STO-3G
Antallet af elektroner i molekylet er: 56
Antallet af basisfunktioner er: 47
Antallet af dobbeltokkuperede MO'er er: 28

Uden DIIS
------------------------------------------------------------------------------------------------------------------------------------
Iter.     Elek. energi / Hartrees      DeltaE / Hartrees                RMSD
  0        -1139.299470014053
  1         -578.654701923075          560.644768090977           10.749254167704
  2         -690.018013971393         -111.363312048317           11.990858486592
  3         -639.252276990998           50.765736980395           12.840416507012
  4         -688.866844778604          -49.614567787606           12.879952671914
  5         -640.402124392733           48.464720385871           12.916348392556
  6         -688.352663711535          -47.950539318802           12.981310706160
  7         -640.894450584426           47.458213127109           13.011804207141
  8         -688.107664560382          -47.213213975956           13.010857735780
  9         -641.045437321150           47.062227239232           13.010953459560
 10         -688.063175964471          -47.017738643322           13.011394769247
 11         -641.060095550294           47.003080414178           13.011417955422
 12         -688.058107994987          -46.998012444694           13.011474750993
 13         -641.061713894640           46.996394100347           13.011484267231
 14         -688.057489738994          -46.995775844354           13.011490817901
 15         -641.061899676653           46.995590062341           13.011493308673
 16         -688.057407517189          -46.995507840536           13.011494079422
 17         -641.061922566460           46.995484950729           13.011494636788
 18         -688.057395355565          -46.995472789105           13.011494733780
 19         -641.061925678209           46.995469677357           13.011494850337
 20         -688.057393369955          -46.995467691746           13.011494863786
 21         -641.061926149232           46.995467220723           13.011494887391
 22         -688.057393020717          -46.995466871485           13.011494889462
 23         -641.061926227571           46.995466793146           13.011494894167
 24         -688.057392956262          -46.995466728691           13.011494894516
 25         -641.061926241527           46.995466714736           13.011494895447
 26         -688.057392944024          -46.995466702497           13.011494895509
 27         -641.061926244118           46.995466699905           13.011494895693
 28         -688.057392941667          -46.995466697549           13.011494895705
 29         -641.061926244614           46.995466697053           13.011494895741
 30         -688.057392941208          -46.995466696594           13.011494895743
 31         -641.061926244709           46.995466696498           13.011494895750
 32         -688.057392941120          -46.995466696411           13.011494895750
 33         -641.061926244728           46.995466696392           13.011494895752
 34         -688.057392941100          -46.995466696372           13.011494895752
 35         -641.061926244731           46.995466696369           13.011494895752
 36         -688.057392941097          -46.995466696366           13.011494895752
 37         -641.061926244732           46.995466696365           13.011494895752
 38         -688.057392941096          -46.995466696364           13.011494895752
 39         -641.061926244732           46.995466696364           13.011494895752
 40         -688.057392941097          -46.995466696365           13.011494895752
 41         -641.061926244732           46.995466696365           13.011494895752
 42         -688.057392941096          -46.995466696364           13.011494895752
 43         -641.061926244732           46.995466696364           13.011494895752
 44         -688.057392941096          -46.995466696364           13.011494895752
 45         -641.061926244732           46.995466696364           13.011494895752
 46         -688.057392941096          -46.995466696364           13.011494895752
 47         -641.061926244732           46.995466696364           13.011494895752
 48         -688.057392941096          -46.995466696364           13.011494895752
 49         -641.061926244732           46.995466696364           13.011494895752
 50         -688.057392941096          -46.995466696364           13.011494895752
 51         -641.061926244732           46.995466696363           13.011494895752
 52         -688.057392941096          -46.995466696364           13.011494895752
 53         -641.061926244732           46.995466696364           13.011494895752
 54         -688.057392941096          -46.995466696364           13.011494895752
 55         -641.061926244732           46.995466696364           13.011494895752
 56         -688.057392941096          -46.995466696364           13.011494895752
 57         -641.061926244732           46.995466696364           13.011494895752
 58         -688.057392941096          -46.995466696364           13.011494895752
 59         -641.061926244732           46.995466696364           13.011494895752
 60         -688.057392941096          -46.995466696365           13.011494895752
 61         -641.061926244732           46.995466696364           13.011494895752
 62         -688.057392941096          -46.995466696364           13.011494895752
 63         -641.061926244732           46.995466696364           13.011494895752
 64         -688.057392941096          -46.995466696364           13.011494895752
 65         -641.061926244731           46.995466696365           13.011494895752
 66         -688.057392941097          -46.995466696365           13.011494895752
 67         -641.061926244731           46.995466696365           13.011494895752
 68         -688.057392941097          -46.995466696365           13.011494895752
 69         -641.061926244732           46.995466696365           13.011494895752
 70         -688.057392941097          -46.995466696365           13.011494895752
 71         -641.061926244733           46.995466696364           13.011494895752
 72         -688.057392941096          -46.995466696363           13.011494895752
 73         -641.061926244732           46.995466696364           13.011494895752
 74         -688.057392941096          -46.995466696364           13.011494895752
 75         -641.061926244732           46.995466696364           13.011494895752
 76         -688.057392941097          -46.995466696364           13.011494895752
 77         -641.061926244732           46.995466696365           13.011494895752
 78         -688.057392941096          -46.995466696364           13.011494895752
 79         -641.061926244732           46.995466696364           13.011494895752
 80         -688.057392941097          -46.995466696365           13.011494895752
 81         -641.061926244732           46.995466696365           13.011494895752
 82         -688.057392941096          -46.995466696364           13.011494895752
 83         -641.061926244732           46.995466696363           13.011494895752
 84         -688.057392941096          -46.995466696364           13.011494895752
 85         -641.061926244732           46.995466696364           13.011494895752
 86         -688.057392941097          -46.995466696364           13.011494895752
 87         -641.061926244732           46.995466696364           13.011494895752
 88         -688.057392941095          -46.995466696363           13.011494895752
 89         -641.061926244732           46.995466696363           13.011494895752
 90         -688.057392941096          -46.995466696364           13.011494895752
 91         -641.061926244733           46.995466696363           13.011494895752
 92         -688.057392941097          -46.995466696364           13.011494895752
 93         -641.061926244732           46.995466696365           13.011494895752
 94         -688.057392941096          -46.995466696364           13.011494895752
 95         -641.061926244733           46.995466696363           13.011494895752
 96         -688.057392941096          -46.995466696364           13.011494895752
 97         -641.061926244732           46.995466696365           13.011494895752
 98         -688.057392941096          -46.995466696364           13.011494895752
 99         -641.061926244732           46.995466696364           13.011494895752
100         -688.057392941096          -46.995466696364           13.011494895752
------------------------------------------------------------------------------------------------------------------------------------

Det maksimale antal iterationer er nået. Energiforskellen eller RMSD falder ikke under de angivne grænser.
**Beregningstid: Programmet var 31 sekunder om at udføre den ikke-accelerede HF SCF-beregning.

Den endelige elektroniske energi / Hartrees:
-688.057392941096

Kernefrastødningen / Hartrees:
334.362312550801

Den endelige HF-energi / Hartrees:
-353.695080390295

MED DIIS
------------------------------------------------------------------------------------------------------------------------------------
Iter.     Elek. energi / Hartrees      DeltaE / Hartrees                RMSD
  0        -1139.299470014053
  1         -578.654701923075          560.644768090977           10.749254167704
  2         -615.952958554054          -37.298256630978            9.311512967326
  3         -626.573043341438          -10.620084787384            4.268239759377
  4         -638.329380981752          -11.756337640314            0.745898476212
  5         -640.230888921244           -1.901507939493            0.218460622273
  6         -639.500550873431            0.730338047813            0.056243900047
  7         -639.642600631315           -0.142049757884            0.023670915943
  8         -639.657804351748           -0.015203720432            0.007725195755
  9         -639.662765089043           -0.004960737296            0.000787122984
 10         -639.662700087169            0.000065001875            0.000102475694
 11         -639.662731995082           -0.000031907913            0.000027531416
 12         -639.662740155373           -0.000008160292            0.000005922474
 13         -639.662739184532            0.000000970841            0.000001449821
 14         -639.662739437985           -0.000000253453            0.000000319734
 15         -639.662739633512           -0.000000195527            0.000000109317
 16         -639.662739537158            0.000000096354            0.000000027493
 17         -639.662739561459           -0.000000024301            0.000000004617
 18         -639.662739553072            0.000000008388            0.000000001360
 19         -639.662739554255           -0.000000001184            0.000000000268
 20         -639.662739554276           -0.000000000021            0.000000000069
 21         -639.662739554262            0.000000000014            0.000000000017
 22         -639.662739554265           -0.000000000003            0.000000000004
 23         -639.662739554268           -0.000000000003            0.000000000001
 24         -639.662739554267            0.000000000001            0.000000000000
------------------------------------------------------------------------------------------------------------------------------------

Succes! Energien er konvergeret. RMSD er under den angivne grænse: 0.000000000001
**Beregningstid: Programmet var 8 sekunder om at udføre den DIIS-accelererede HF SCF-beregning.

Den endelige elektroniske energi / Hartrees:
-639.662739554267

Kernefrastødningen / Hartrees:
334.362312550801

Den endelige HF-energi / Hartrees:
-305.300427003466

