-------------------------------------
-----------BACHELORPROJEKT-----------
-------------------------------------

Indholdet fra den indlæste .xyz-fil "../input/47cycloeq-STO-3G/geom.xyz":

//////////////////////////////////////////////////
19
Aekvatorial optimeret
C -2.026459014456  1.120779483066 -1.081182164462
C -2.081790191736 -1.779861109812 -1.013203051064
C -0.663138868468 -2.785025266472  1.310341677578
C  2.062511207084 -1.790358537742  1.367420851408
C  2.106124193438  1.110338746916  1.290293574444
C  0.690341474238  2.091960697068 -1.025078089248
O  0.673949990914  4.752823406436 -0.991238765766
H -3.003318855088  1.818231996242 -2.815427178360
H -3.083617092280  1.879547935764  0.578063403948
H -4.077992803206 -2.461360556096 -0.987994106224
H -1.187719247164 -2.540980381654 -2.765264401690
H -0.659291386332 -4.894460259862  1.294277116852
H -1.668149957322 -2.178956123204  3.062788532308
H  3.043573798340 -2.479006817484  3.103319375556
H  3.122530330072 -2.552842191756 -0.288935325948
H  4.099883389190  1.797690674622  1.260976365280
H  1.209269682468  1.871257707802  3.040465199070
H  1.696637576772  1.513850049970 -2.784248589086
H -0.039068195324  5.367258366706 -2.542902232996
//////////////////////////////////////////////////

-----------HF-ENERGIBEREGNINGEN-----------

Det brugte basissæt er: STO-3G
Antallet af elektroner i molekylet er: 56
Antallet af basisfunktioner er: 47
Antallet af dobbeltokkuperede MO'er er: 28

Uden DIIS
------------------------------------------------------------------------------------------------------------------------------------
Iter.     Elek. energi / Hartrees      DeltaE / Hartrees                RMSD
  0        -1127.761744528063
  1         -575.537581372578          552.224163155485           10.698523813450
  2         -687.585570612156         -112.047989239578           11.980907648707
  3         -634.945238779748           52.640331832408           12.863501605139
  4         -687.022564498680          -52.077325718931           12.976691041913
  5         -636.915462953391           50.107101545289           13.013242389686
  6         -686.316088204089          -49.400625250698           13.021232613252
  7         -637.159690915339           49.156397288750           13.023441450287
  8         -686.225586454428          -49.065895539088           13.024845373451
  9         -637.191383144968           49.034203309459           13.025578543259
 10         -686.209148120705          -49.017764975736           13.025800936317
 11         -637.197262164981           49.011885955724           13.026054533069
 12         -686.205058701540          -49.007796536559           13.026101592047
 13         -637.198740267464           49.006318434076           13.026186631607
 14         -686.203845860754          -49.005105593290           13.026199397943
 15         -637.199180211051           49.004665649703           13.026227537236
 16         -686.203460393492          -49.004280182441           13.026231456776
 17         -637.199320178754           49.004140214738           13.026240726063
 18         -686.203335015148          -49.004014836394           13.026241986266
 19         -637.199365718302           49.003969296846           13.026245035235
 20         -686.203293935343          -49.003928217041           13.026245446621
 21         -637.199380640410           49.003913294933           13.026246449072
 22         -686.203280445240          -49.003899804830           13.026246584011
 23         -637.199385540758           49.003894904483           13.026246913554
 24         -686.203276012184          -49.003890471426           13.026246957882
 25         -637.199387151102           49.003888861082           13.026247066210
 26         -686.203274555100          -49.003887403999           13.026247080778
 27         -637.199387680397           49.003886874703           13.026247116388
 28         -686.203274076144          -49.003886395747           13.026247121177
 29         -637.199387854382           49.003886221762           13.026247132882
 30         -686.203273918705          -49.003886064323           13.026247134456
 31         -637.199387911572           49.003886007132           13.026247138304
 32         -686.203273866955          -49.003885955383           13.026247138821
 33         -637.199387930371           49.003885936584           13.026247140086
 34         -686.203273849941          -49.003885919570           13.026247140256
 35         -637.199387936552           49.003885913389           13.026247140672
 36         -686.203273844352          -49.003885907800           13.026247140728
 37         -637.199387938583           49.003885905768           13.026247140864
 38         -686.203273842512          -49.003885903929           13.026247140883
 39         -637.199387939251           49.003885903261           13.026247140928
 40         -686.203273841908          -49.003885902657           13.026247140934
 41         -637.199387939469           49.003885902439           13.026247140949
 42         -686.203273841708          -49.003885902240           13.026247140951
 43         -637.199387939542           49.003885902167           13.026247140955
 44         -686.203273841643          -49.003885902101           13.026247140956
 45         -637.199387939566           49.003885902078           13.026247140958
 46         -686.203273841622          -49.003885902056           13.026247140958
 47         -637.199387939574           49.003885902048           13.026247140958
 48         -686.203273841615          -49.003885902041           13.026247140958
 49         -637.199387939577           49.003885902038           13.026247140959
 50         -686.203273841612          -49.003885902036           13.026247140959
 51         -637.199387939577           49.003885902035           13.026247140959
 52         -686.203273841611          -49.003885902034           13.026247140959
 53         -637.199387939577           49.003885902034           13.026247140959
 54         -686.203273841611          -49.003885902034           13.026247140959
 55         -637.199387939578           49.003885902034           13.026247140959
 56         -686.203273841611          -49.003885902033           13.026247140959
 57         -637.199387939577           49.003885902034           13.026247140959
 58         -686.203273841611          -49.003885902035           13.026247140959
 59         -637.199387939577           49.003885902034           13.026247140959
 60         -686.203273841611          -49.003885902034           13.026247140959
 61         -637.199387939577           49.003885902034           13.026247140959
 62         -686.203273841611          -49.003885902034           13.026247140959
 63         -637.199387939577           49.003885902034           13.026247140959
 64         -686.203273841611          -49.003885902034           13.026247140959
 65         -637.199387939577           49.003885902034           13.026247140959
 66         -686.203273841611          -49.003885902034           13.026247140959
 67         -637.199387939578           49.003885902033           13.026247140959
 68         -686.203273841611          -49.003885902033           13.026247140959
 69         -637.199387939578           49.003885902033           13.026247140959
 70         -686.203273841611          -49.003885902033           13.026247140959
 71         -637.199387939578           49.003885902033           13.026247140959
 72         -686.203273841611          -49.003885902033           13.026247140959
 73         -637.199387939577           49.003885902034           13.026247140959
 74         -686.203273841611          -49.003885902034           13.026247140959
 75         -637.199387939578           49.003885902033           13.026247140959
 76         -686.203273841611          -49.003885902033           13.026247140959
 77         -637.199387939578           49.003885902033           13.026247140959
 78         -686.203273841611          -49.003885902033           13.026247140959
 79         -637.199387939577           49.003885902033           13.026247140959
 80         -686.203273841611          -49.003885902033           13.026247140959
 81         -637.199387939578           49.003885902033           13.026247140959
 82         -686.203273841611          -49.003885902033           13.026247140959
 83         -637.199387939578           49.003885902034           13.026247140959
 84         -686.203273841612          -49.003885902034           13.026247140959
 85         -637.199387939578           49.003885902034           13.026247140959
 86         -686.203273841612          -49.003885902034           13.026247140959
 87         -637.199387939578           49.003885902034           13.026247140959
 88         -686.203273841611          -49.003885902033           13.026247140959
 89         -637.199387939577           49.003885902034           13.026247140959
 90         -686.203273841612          -49.003885902035           13.026247140959
 91         -637.199387939576           49.003885902036           13.026247140959
 92         -686.203273841611          -49.003885902035           13.026247140959
 93         -637.199387939578           49.003885902034           13.026247140959
 94         -686.203273841611          -49.003885902034           13.026247140959
 95         -637.199387939578           49.003885902034           13.026247140959
 96         -686.203273841611          -49.003885902033           13.026247140959
 97         -637.199387939578           49.003885902033           13.026247140959
 98         -686.203273841611          -49.003885902033           13.026247140959
 99         -637.199387939578           49.003885902033           13.026247140959
100         -686.203273841611          -49.003885902034           13.026247140959
------------------------------------------------------------------------------------------------------------------------------------

Det maksimale antal iterationer er nået. Energiforskellen eller RMSD falder ikke under de angivne grænser.
**Beregningstid: Programmet var 33 sekunder om at udføre den ikke-accelerede HF SCF-beregning.

Den endelige elektroniske energi / Hartrees:
-686.203273841611

Kernefrastødningen / Hartrees:
329.500720830128

Den endelige HF-energi / Hartrees:
-356.702553011484

MED DIIS
------------------------------------------------------------------------------------------------------------------------------------
Iter.     Elek. energi / Hartrees      DeltaE / Hartrees                RMSD
  0        -1127.761744528063
  1         -575.537581372578          552.224163155485           10.698523813450
  2         -612.840182283949          -37.302600911371            9.256946858571
  3         -623.257311860204          -10.417129576255            4.236807371511
  4         -633.642368868803          -10.385057008599            0.661081773335
  5         -635.006675224291           -1.364306355488            0.191307263780
  6         -634.498776996674            0.507898227617            0.081816014049
  7         -634.768011194769           -0.269234198095            0.031809022834
  8         -634.798129345245           -0.030118150476            0.011694689034
  9         -634.801214639144           -0.003085293899            0.000712797905
 10         -634.801557546021           -0.000342906877            0.000151969421
 11         -634.801583821715           -0.000026275694            0.000029956037
 12         -634.801585916295           -0.000002094581            0.000008588680
 13         -634.801586940640           -0.000001024345            0.000002811328
 14         -634.801585753211            0.000001187429            0.000000891555
 15         -634.801586139840           -0.000000386629            0.000000141710
 16         -634.801586053646            0.000000086194            0.000000028476
 17         -634.801586081300           -0.000000027654            0.000000004246
 18         -634.801586076550            0.000000004750            0.000000001503
 19         -634.801586077844           -0.000000001294            0.000000000201
 20         -634.801586077596            0.000000000248            0.000000000057
 21         -634.801586077620           -0.000000000024            0.000000000020
 22         -634.801586077623           -0.000000000003            0.000000000005
 23         -634.801586077623            0.000000000000            0.000000000001
------------------------------------------------------------------------------------------------------------------------------------

Succes! Energien er konvergeret. Energiforskellen er under den angivne grænse: 0.000000000001
**Beregningstid: Programmet var 8 sekunder om at udføre den DIIS-accelererede HF SCF-beregning.

Den endelige elektroniske energi / Hartrees:
-634.801586077623

Kernefrastødningen / Hartrees:
329.500720830128

Den endelige HF-energi / Hartrees:
-305.300865247495

