-------------------------------------
-----------BACHELORPROJEKT-----------
-------------------------------------

Indholdet fra den indlæste .xyz-fil "../../input/48formaldehyde631ppgss//geom.xyz":

//////////////////////////////////////////////////
4
Formaldehyd
O  0.000000000000  0.000000000000  1.256104651652
C  0.000000000000  0.000000000000 -0.981814702204
H  0.000000000000  1.746892950016 -2.078970720544
H  0.000000000000 -1.746892950016 -2.078970720544
//////////////////////////////////////////////////

-----------HF-ENERGIBEREGNINGEN-----------

Det brugte basissæt er: 631++g**
Antallet af elektroner i molekylet er: 16
Antallet af basisfunktioner er: 48
Antallet af dobbeltokkuperede MO'er er: 8

MED DIIS
------------------------------------------------------------------------------------------------------------------------------------
Iter.     Elek. energi / Hartrees      DeltaE / Hartrees                RMSD
  0         -237.756213978028
  1         -107.643972349509          130.112241628520           88.605697530590
  2         -155.051451431824          -47.407479082315           88.611957481105
  3         -152.712069362185            2.339382069639            0.274824932199
  4         -150.114626329171            2.597443033014            0.280793641440
  5         -145.829774619128            4.284851710043            0.432380735078
  6         -145.667479605216            0.162295013912            0.070386169228
  7         -145.660065163416            0.007414441800            0.022918462306
  8         -145.669749415255           -0.009684251839            0.005716542286
  9         -145.677749622324           -0.008000207069            0.003482654767
 10         -145.676073225498            0.001676396826            0.000832388174
 11         -145.675996518734            0.000076706764            0.000074747642
 12         -145.676046076675           -0.000049557940            0.000012011427
 13         -145.676043592293            0.000002484382            0.000002130625
 14         -145.676044008687           -0.000000416394            0.000000422362
 15         -145.676043923325            0.000000085362            0.000000100435
 16         -145.676043902445            0.000000020880            0.000000014892
 17         -145.676043912839           -0.000000010394            0.000000001770
 18         -145.676043911335            0.000000001504            0.000000000820
 19         -145.676043911424           -0.000000000088            0.000000000091
 20         -145.676043911423            0.000000000001            0.000000000010
------------------------------------------------------------------------------------------------------------------------------------

Succes! Energien er konvergeret. Energiforskellen er under den angivne grænse: 0.000000000001
**Beregningstid: Programmet var 20 sekunder om at udføre den DIIS-accelererede HF SCF-beregning.

Den endelige elektroniske energi / Hartrees:
-145.676043911423

Kernefrastødningen / Hartrees:
31.801683715692

Den endelige HF-energi / Hartrees:
-113.874360195731

--------------------CIS--------------------

Eksitationsenergier:

            Hartrees               eV
1        0.143545915417      3.906085322786
2        0.143545915417      3.906085322786
3        0.143545915417      3.906085322786
4        0.172860198035      4.703767992813
5        0.194103732610      5.281834309531
6        0.194103732610      5.281834309532
7        0.194103732610      5.281834309532
8        0.300741899771      8.183608131429
9        0.300741899771      8.183608131429
10       0.300741899771      8.183608131429
11       0.314709625517      8.563689503790
12       0.326561942697      8.886207647517
13       0.326561942697      8.886207647517
14       0.326561942697      8.886207647517
15       0.335453005591      9.128145916335
16       0.335453005591      9.128145916335
17       0.335453005591      9.128145916335
18       0.341117305097      9.282279435929
19       0.341117305097      9.282279435929
20       0.341117305097      9.282279435930
21       0.347857448365      9.465688170441
22       0.355864973199      9.683584131713
23       0.372571107898     10.138181445463
24       0.374868775559     10.200704199233
25       0.376056078321     10.233012369616
26       0.376056078321     10.233012369616
27       0.376056078321     10.233012369617
28       0.378662849775     10.303946270358
29       0.397054389683     10.804405819432
30       0.397054389683     10.804405819432
31       0.397054389683     10.804405819432
32       0.416745941833     11.340240521591
33       0.416745941833     11.340240521591
34       0.416745941833     11.340240521591
35       0.423878851206     11.534336971716
36       0.425913709056     11.589708302605
37       0.425913709056     11.589708302605
38       0.425913709056     11.589708302605
39       0.430128294023     11.704393059965
40       0.435681451086     11.855502238092
41       0.435681451086     11.855502238092
42       0.435681451086     11.855502238092
43       0.439609581398     11.962392163255
44       0.439609581398     11.962392163255
45       0.439609581398     11.962392163255
46       0.444357415839     12.091587385349
47       0.444851113232     12.105021582590
48       0.446225252042     12.142413823414
49       0.446225252042     12.142413823414
50       0.446225252042     12.142413823414
51       0.459080633454     12.492226749174
52       0.459470806521     12.502843904562
53       0.459470806521     12.502843904562
54       0.459470806521     12.502843904562
55       0.461624303084     12.561443560952
56       0.466379085408     12.690827844661
57       0.466379085408     12.690827844662
58       0.466379085408     12.690827844662
59       0.479555497581     13.049376466883
60       0.479555497581     13.049376466883
61       0.479555497581     13.049376466883
62       0.483140466935     13.146928501965
63       0.483140466935     13.146928501965
64       0.483140466935     13.146928501965
65       0.486020455945     13.225297034890
66       0.489511247287     13.320286354429
67       0.514629986723     14.003802420716
68       0.518250882434     14.102332062260
69       0.518250882434     14.102332062260
70       0.518250882434     14.102332062260
71       0.524077873083     14.260892635603
72       0.529096094685     14.397445470912
73       0.529096094685     14.397445470912
74       0.529096094685     14.397445470912
75       0.539439899263     14.678914874798
76       0.539439899263     14.678914874798
77       0.539439899263     14.678914874798
78       0.540747133867     14.714486558513
79       0.541530690694     14.735808236759
80       0.544199481246     14.808429763969
81       0.544199481246     14.808429763969
82       0.544199481246     14.808429763969
83       0.545206067307     14.835820379922
84       0.545206067307     14.835820379922
85       0.545206067307     14.835820379922
86       0.547918423975     14.909627402164
87       0.547918423975     14.909627402164
88       0.547918423975     14.909627402164
89       0.550510952878     14.980173743149
90       0.550510952878     14.980173743149
91       0.550510952878     14.980173743149
92       0.555858326648     15.125683269738
93       0.556062011232     15.131225812443
94       0.556062011232     15.131225812443
95       0.556062011232     15.131225812443
96       0.564163764087     15.351685850086
97       0.565804715648     15.396338439378
98       0.566257589149     15.408661761359
99       0.576952043180     15.699672827797
100      0.576952043180     15.699672827798
101      0.576952043180     15.699672827798
102      0.579309719357     15.763828497311
103      0.584857948882     15.914803590214
104      0.585081944970     15.920898837344
105      0.585081944970     15.920898837344
106      0.585081944970     15.920898837344
107      0.588651616994     16.018034610671
108      0.588651616994     16.018034610671
109      0.588651616994     16.018034610671
110      0.590222505601     16.060780688900
111      0.590222505601     16.060780688900
112      0.590222505601     16.060780688900
113      0.590758195770     16.075357568374
114      0.595038636807     16.191834361621
115      0.595464708490     16.203428368598
116      0.595464708490     16.203428368599
117      0.595464708490     16.203428368599
118      0.598622331963     16.289351723973
119      0.598622331963     16.289351723973
120      0.598622331963     16.289351723973
121      0.603170258492     16.413107171928
122      0.603170258492     16.413107171928
123      0.603170258492     16.413107171928
124      0.606086554377     16.492463665780
125      0.606086554377     16.492463665780
126      0.606086554377     16.492463665780
127      0.607356481598     16.527020163344
128      0.617282228847     16.797113642054
129      0.617955699821     16.815439730105
130      0.619846437151     16.866889339878
131      0.627247951247     17.068294900560
132      0.627247951247     17.068294900560
133      0.627247951247     17.068294900560
134      0.632520741446     17.211774903777
135      0.632661963186     17.215617745026
136      0.632661963186     17.215617745026
137      0.632661963186     17.215617745026
138      0.641097481792     17.445160016029
139      0.646918033507     17.603545376959
140      0.649172019314     17.664879486370
141      0.649172019314     17.664879486371
142      0.649172019314     17.664879486371
143      0.649462409118     17.672781399463
144      0.649462409118     17.672781399463
145      0.649462409118     17.672781399463
146      0.653018869039     17.769557652976
147      0.658549411142     17.920051446362
148      0.658549411142     17.920051446362
149      0.658549411142     17.920051446362
150      0.664160763355     18.072744195949
151      0.664160763355     18.072744195949
152      0.664160763355     18.072744195949
153      0.664377230132     18.078634560022
154      0.670461926412     18.244207664377
155      0.672197542476     18.291436207320
156      0.672197542476     18.291436207320
157      0.672197542476     18.291436207320
158      0.677963680413     18.448340893191
159      0.677963680413     18.448340893191
160      0.677963680413     18.448340893191
161      0.685632434420     18.657018425972
162      0.691314481765     18.811634889091
163      0.691314481765     18.811634889091
164      0.691314481765     18.811634889091
165      0.694076600712     18.886796012628
166      0.695314812661     18.920489493257
167      0.695314812661     18.920489493257
168      0.695314812661     18.920489493257
169      0.697291958086     18.974290388273
170      0.699018633381     19.021275640389
171      0.699018633381     19.021275640389
172      0.699018633381     19.021275640389
173      0.701359897204     19.084984706765
174      0.709832353557     19.315532105590
175      0.709832353557     19.315532105590
176      0.709832353557     19.315532105591
177      0.711833345915     19.369981909035
178      0.713847084417     19.424778552916
179      0.717405837128     19.521617196435
180      0.717405837128     19.521617196435
181      0.717405837128     19.521617196435
182      0.728591021393     19.825981719542
183      0.728747533326     19.830240628336
184      0.728747533326     19.830240628336
185      0.728747533326     19.830240628336
186      0.736083660582     20.029866921555
187      0.738016080070     20.082450761224
188      0.738016080070     20.082450761224
189      0.738016080070     20.082450761224
190      0.738296911126     20.090092567408
191      0.745893605483     20.296809256250
192      0.748225291250     20.360257690317
193      0.748530481488     20.368562343959
194      0.748530481488     20.368562343959
195      0.748530481488     20.368562343959
196      0.756309287774     20.580234553335
197      0.756309287774     20.580234553335
198      0.756309287774     20.580234553335
199      0.765103737968     20.819543855338
200      0.765103737968     20.819543855338
201      0.765103737968     20.819543855338
202      0.765421907884     20.828201704186
203      0.765421907884     20.828201704187
204      0.765421907884     20.828201704187
205      0.770312266339     20.961275204244
206      0.770312266339     20.961275204244
207      0.770312266339     20.961275204244
208      0.777597108477     21.159505957611
209      0.777893279967     21.167565198503
210      0.783762340786     21.327270560062
211      0.783762340786     21.327270560062
212      0.783762340786     21.327270560062
213      0.787017231933     21.415840705015
214      0.793427427925     21.590271112247
215      0.794731327842     21.625752054429
216      0.796109860178     21.663263849239
217      0.796109860178     21.663263849239
218      0.796109860178     21.663263849239
219      0.806831774371     21.955022145117
220      0.806831774371     21.955022145118
221      0.806831774371     21.955022145118
222      0.807822097353     21.981970219904
223      0.807822097353     21.981970219904
224      0.807822097353     21.981970219904
225      0.807901754936     21.984137814253
226      0.808966069437     22.013099301890
227      0.822317356680     22.376406519564
228      0.823551281220     22.409983333787
229      0.825721747487     22.469044759569
230      0.825721747487     22.469044759569
231      0.825721747487     22.469044759569
232      0.851173230464     23.161615243453
233      0.851173230464     23.161615243453
234      0.851173230464     23.161615243454
235      0.852410646328     23.195287061495
236      0.853165801996     23.215835904426
237      0.853165801996     23.215835904426
238      0.853165801996     23.215835904426
239      0.863496249331     23.496941839043
240      0.863496249331     23.496941839043
241      0.863496249331     23.496941839044
242      0.867245844357     23.598973569130
243      0.872934005479     23.753756396687
244      0.872934005479     23.753756396688
245      0.872934005479     23.753756396688
246      0.877597377842     23.880653287423
247      0.885269731203     24.089428763651
248      0.885269731203     24.089428763651
249      0.885269731203     24.089428763651
250      0.898284537687     24.443579868827
251      0.912322798234     24.825580591853
252      0.918551071966     24.995060639692
253      0.918551071966     24.995060639692
254      0.918551071966     24.995060639692
255      0.945929822692     25.740074777207
256      0.945929822692     25.740074777207
257      0.945929822692     25.740074777207
258      0.948573932914     25.812024718084
259      0.948573932914     25.812024718084
260      0.948573932914     25.812024718084
261      0.951901367173     25.902568862691
262      0.951901367173     25.902568862691
263      0.951901367173     25.902568862691
264      0.958868128354     26.092144187891
265      0.959111427801     26.098764706474
266      0.960427149858     26.134567345654
267      0.967283507435     26.321138434206
268      0.970402419409     26.406008395505
269      0.984971195145     26.802445179575
270      0.984971195145     26.802445179575
271      0.984971195145     26.802445179576
272      0.992686601392     27.012392185128
273      1.002021730868     27.266414127344
274      1.002021730868     27.266414127344
275      1.002021730868     27.266414127344
276      1.014665046315     27.610456441284
277      1.014665046315     27.610456441284
278      1.014665046315     27.610456441284
279      1.040510333277     28.313742882946
280      1.040510333277     28.313742882946
281      1.040510333277     28.313742882946
282      1.041708704182     28.346352232971
283      1.045035585890     28.436881341886
284      1.045035585890     28.436881341886
285      1.045035585890     28.436881341887
286      1.058619824613     28.806527495474
287      1.062135251838     28.902187191861
288      1.062135251838     28.902187191861
289      1.062135251838     28.902187191861
290      1.064755456063     28.973486617104
291      1.064755456063     28.973486617104
292      1.064755456063     28.973486617104
293      1.070169710166     29.120816051212
294      1.086857379192     29.574910888143
295      1.096705765832     29.842899276348
296      1.110559287427     30.219872993885
297      1.110559287427     30.219872993885
298      1.110559287427     30.219872993886
299      1.119784419646     30.470901756752
300      1.137828186457     30.961897912948
301      1.137828186457     30.961897912948
302      1.137828186457     30.961897912948
303      1.144799783971     31.151604841559
304      1.144799783971     31.151604841559
305      1.144799783971     31.151604841559
306      1.150800794552     31.314900740868
307      1.151362128483     31.330175423009
308      1.151362128483     31.330175423009
309      1.151362128483     31.330175423009
310      1.163465573401     31.659527104034
311      1.163636105793     31.664167529176
312      1.169598749004     31.826419398652
313      1.169598749004     31.826419398653
314      1.169598749004     31.826419398653
315      1.175327788008     31.982314570589
316      1.178290337442     32.062929688277
317      1.178290337442     32.062929688277
318      1.178290337442     32.062929688277
319      1.178631064988     32.072201361811
320      1.198190353016     32.604436972058
321      1.198190353016     32.604436972058
322      1.198190353016     32.604436972058
323      1.231609574917     33.513820786906
324      1.231609574917     33.513820786906
325      1.231609574917     33.513820786906
326      1.238258550947     33.694748733249
327      1.238258550947     33.694748733249
328      1.238258550947     33.694748733249
329      1.245639310136     33.895589523829
330      1.245639310136     33.895589523829
331      1.245639310136     33.895589523829
332      1.265977623390     34.449023501105
333      1.265977623390     34.449023501105
334      1.265977623390     34.449023501105
335      1.266531646828     34.464099254489
336      1.279289115111     34.811247826940
337      1.289213514178     35.081304619703
338      1.298823279863     35.342799797673
339      1.298823279863     35.342799797673
340      1.298823279863     35.342799797673
341      1.302594386329     35.445416884147
342      1.304424869823     35.495226902714
343      1.304424869823     35.495226902714
344      1.304424869823     35.495226902714
345      1.305647275640     35.528490276353
346      1.314947119353     35.781552043572
347      1.314947119353     35.781552043572
348      1.314947119353     35.781552043573
349      1.323436991696     36.012573355842
350      1.329879296032     36.187877476052
351      1.329879296032     36.187877476052
352      1.329879296032     36.187877476052
353      1.336587224389     36.370409597744
354      1.341155414497     36.494716446044
355      1.342227980237     36.523902461411
356      1.345007545105     36.599538312880
357      1.345007545105     36.599538312880
358      1.345007545105     36.599538312880
359      1.353757051917     36.837624642527
360      1.353757051917     36.837624642527
361      1.353757051917     36.837624642527
362      1.354947408012     36.870015898372
363      1.357247433659     36.932602816278
364      1.357247433659     36.932602816278
365      1.357247433659     36.932602816278
366      1.364002397875     37.116414849539
367      1.368278338780     37.232769187874
368      1.381749158272     37.599329045399
369      1.381749158272     37.599329045399
370      1.381749158272     37.599329045399
371      1.397406898412     38.025398075441
372      1.397406898412     38.025398075441
373      1.397406898412     38.025398075441
374      1.398299755569     38.049693968699
375      1.398299755569     38.049693968699
376      1.398299755569     38.049693968699
377      1.398649968476     38.059223752188
378      1.407882060456     38.310441899904
379      1.407882060456     38.310441899904
380      1.407882060456     38.310441899904
381      1.412862522291     38.445967239070
382      1.412862522291     38.445967239070
383      1.412862522291     38.445967239070
384      1.417083176028     38.560817136174
385      1.417083176028     38.560817136174
386      1.417083176028     38.560817136175
387      1.417363816686     38.568453761372
388      1.418544386026     38.600578705920
389      1.428675873288     38.876270658379
390      1.428675873288     38.876270658379
391      1.428675873288     38.876270658379
392      1.429447685418     38.897272746989
393      1.429447685418     38.897272746990
394      1.429447685418     38.897272746990
395      1.432490417170     38.980069737769
396      1.432490417170     38.980069737769
397      1.432490417170     38.980069737770
398      1.433058706240     38.995533678976
399      1.438692337907     39.148832683715
400      1.438692337907     39.148832683715
401      1.438692337907     39.148832683715
402      1.444312484695     39.301764746022
403      1.449641978235     39.446787726535
404      1.449641978235     39.446787726535
405      1.449641978235     39.446787726535
406      1.454923532405     39.590506209692
407      1.458734881454     39.694218353203
408      1.458734881454     39.694218353203
409      1.458734881454     39.694218353203
410      1.459306160811     39.709763664302
411      1.464844137323     39.860459758345
412      1.468593973371     39.962498046980
413      1.474536971531     40.124215347119
414      1.475957994204     40.162883363476
415      1.475957994204     40.162883363477
416      1.475957994204     40.162883363477
417      1.481599348606     40.316392514664
418      1.482160220549     40.331654625451
419      1.482160220549     40.331654625451
420      1.482160220549     40.331654625451
421      1.485865908805     40.432491590857
422      1.493906540512     40.651288436484
423      1.493906540512     40.651288436485
424      1.493906540512     40.651288436485
425      1.495823975227     40.703464519482
426      1.511784867218     41.137782735816
427      1.511784867218     41.137782735816
428      1.511784867218     41.137782735816
429      1.514593390751     41.214206593071
430      1.514593390751     41.214206593071
431      1.514593390751     41.214206593071
432      1.521771834584     41.409542099586
433      1.521774025821     41.409601726232
434      1.521774025821     41.409601726232
435      1.521774025821     41.409601726232
436      1.521893136956     41.412842906969
437      1.533188926539     41.720217155629
438      1.540852170843     41.928744761688
439      1.540852170843     41.928744761688
440      1.540852170843     41.928744761688
441      1.547690310789     42.114820122993
442      1.547690310789     42.114820122993
443      1.547690310789     42.114820122993
444      1.550265220100     42.184887010222
445      1.551296377779     42.212946254298
446      1.562579356708     42.519971907126
447      1.562579356708     42.519971907126
448      1.562579356708     42.519971907126
449      1.568247859209     42.674219796068
450      1.575664313280     42.876031894381
451      1.575664313280     42.876031894381
452      1.575664313280     42.876031894382
453      1.582766359122     43.069288504612
454      1.582766359122     43.069288504612
455      1.582766359122     43.069288504612
456      1.583236878407     43.082091993082
457      1.588582844470     43.227563214006
458      1.595602315441     43.418572846386
459      1.597114194465     43.459713191265
460      1.597114194465     43.459713191265
461      1.597114194465     43.459713191265
462      1.603527548088     43.634229522050
463      1.612726420362     43.884543715039
464      1.612726420362     43.884543715039
465      1.612726420362     43.884543715039
466      1.620362146477     44.092322512651
467      1.620362146477     44.092322512651
468      1.620362146477     44.092322512651
469      1.621975176738     44.136215324296
470      1.621975176738     44.136215324296
471      1.621975176738     44.136215324296
472      1.631661368020     44.399790149746
473      1.631661368020     44.399790149746
474      1.631661368020     44.399790149746
475      1.632130403845     44.412553271188
476      1.643999489150     44.735527699064
477      1.645299924953     44.770914377879
478      1.645299924953     44.770914377879
479      1.645299924953     44.770914377879
480      1.660678266851     45.189380590583
481      1.666198838221     45.339603066378
482      1.666850286805     45.357329894355
483      1.677935427846     45.658972101290
484      1.677935427846     45.658972101290
485      1.677935427846     45.658972101290
486      1.692367214196     46.051681212361
487      1.703110071813     46.344009408119
488      1.703110071813     46.344009408119
489      1.703110071813     46.344009408120
490      1.717685049654     46.740614960141
491      1.731085972746     47.105272838775
492      1.731085972746     47.105272838775
493      1.731085972746     47.105272838776
494      1.740742933942     47.368052272662
495      1.740742933942     47.368052272662
496      1.740742933942     47.368052272662
497      1.748808998794     47.587541189790
498      1.757939512580     47.835995252631
499      1.757939512580     47.835995252632
500      1.757939512580     47.835995252632
501      1.764705602559     48.020110033474
502      1.795019572185     48.844995586542
503      1.795019572185     48.844995586542
504      1.795019572185     48.844995586542
505      1.797908530824     48.923608195663
506      1.800038579960     48.981569814724
507      1.801358939560     49.017498647930
508      1.801358939560     49.017498647930
509      1.801358939560     49.017498647931
510      1.815283490057     49.396405161329
511      1.815283490057     49.396405161329
512      1.815283490057     49.396405161329
513      1.828183783103     49.747440195522
514      1.828183783103     49.747440195522
515      1.828183783103     49.747440195522
516      1.838157434764     50.018837220330
517      1.841420899828     50.107640673572
518      1.841420899828     50.107640673572
519      1.841420899828     50.107640673573
520      1.864779284326     50.743255017504
521      1.864779284326     50.743255017505
522      1.864779284326     50.743255017505
523      1.866669237988     50.794683302591
524      1.870151132836     50.889430536055
525      1.886429376011     51.332384322389
526      1.888507233295     51.388925728087
527      1.888507233295     51.388925728087
528      1.888507233295     51.388925728087
529      1.890184976707     51.434579475162
530      1.890184976707     51.434579475162
531      1.890184976707     51.434579475162
532      1.903734052041     51.803268783710
533      1.907483536506     51.905297505278
534      1.907846862398     51.915184111455
535      1.907846862398     51.915184111456
536      1.907846862398     51.915184111456
537      1.920145488389     52.249846942739
538      1.927478412790     52.449386081786
539      1.927478412790     52.449386081786
540      1.927478412790     52.449386081786
541      1.934033552295     52.627760604914
542      1.965460721873     53.482937887163
543      1.965460721873     53.482937887163
544      1.965460721873     53.482937887163
545      1.973198126966     53.693483512109
546      1.973198126966     53.693483512110
547      1.973198126966     53.693483512110
548      1.973582562897     53.703944552007
549      1.973582562897     53.703944552007
550      1.973582562897     53.703944552007
551      1.974384746128     53.725773080800
552      1.974384746128     53.725773080800
553      1.974384746128     53.725773080800
554      1.981377704346     53.916061264027
555      1.984206829878     53.993045730537
556      1.984206829878     53.993045730537
557      1.984206829878     53.993045730537
558      1.986258535038     54.048875500320
559      1.990427828960     54.162327824971
560      2.000762042373     54.443536239820
561      2.000762042373     54.443536239820
562      2.000762042373     54.443536239820
563      2.009796490227     54.689376214176
564      2.022819422148     55.043748423825
565      2.023279761438     55.056274900390
566      2.026443460233     55.142363573791
567      2.026443460233     55.142363573791
568      2.026443460233     55.142363573792
569      2.026792257307     55.151854830472
570      2.050865277609     55.806915415141
571      2.050865277609     55.806915415141
572      2.050865277609     55.806915415141
573      2.057877849799     55.997737322007
574      2.057877849799     55.997737322008
575      2.057877849799     55.997737322008
576      2.060030580383     56.056316135038
577      2.063181505234     56.142057211518
578      2.063181505234     56.142057211518
579      2.063181505234     56.142057211518
580      2.071467552693     56.367532163360
581      2.076674088043     56.509209279376
582      2.079175100842     56.577265339053
583      2.087215871521     56.796065966295
584      2.087215871521     56.796065966295
585      2.087215871521     56.796065966295
586      2.113197763965     57.503069634359
587      2.121497621601     57.728920380421
588      2.121497621601     57.728920380422
589      2.121497621601     57.728920380422
590      2.127393929305     57.889367167889
591      2.127393929305     57.889367167890
592      2.127393929305     57.889367167890
593      2.132185521331     58.019753095137
594      2.134912534943     58.093958953355
595      2.134912534943     58.093958953355
596      2.134912534943     58.093958953355
597      2.146479990976     58.408725626452
598      2.165331591788     58.921704076769
599      2.165331591788     58.921704076770
600      2.165331591788     58.921704076770
601      2.175821497045     59.207149084685
602      2.175821497045     59.207149084686
603      2.175821497045     59.207149084686
604      2.199905378326     59.862505211786
605      2.199905378326     59.862505211787
606      2.199905378326     59.862505211787
607      2.214348242075     60.255515754391
608      2.227999985888     60.626998815992
609      2.229762998827     60.674972866279
610      2.240028418465     60.954309306207
611      2.240028418465     60.954309306207
612      2.240028418465     60.954309306207
613      2.251419563033     61.264278297516
614      2.259783190865     61.491864319900
615      2.259783190865     61.491864319900
616      2.259783190865     61.491864319900
617      2.263162162965     61.583810881312
618      2.263162162965     61.583810881312
619      2.263162162965     61.583810881312
620      2.265681166207     61.652356486134
621      2.267005110134     61.688382853910
622      2.275772355712     61.926951880228
623      2.282978312441     62.123036051145
624      2.283357423527     62.133352194567
625      2.283357423527     62.133352194567
626      2.283357423527     62.133352194568
627      2.284418445935     62.162224099726
628      2.285982111305     62.204773623559
629      2.285982111305     62.204773623559
630      2.285982111305     62.204773623559
631      2.298768405618     62.552706592626
632      2.298768405618     62.552706592627
633      2.298768405618     62.552706592627
634      2.301653458365     62.631212916960
635      2.326441947644     63.305742414125
636      2.328177823126     63.352978016219
637      2.328177823126     63.352978016219
638      2.328177823126     63.352978016220
639      2.362569182703     64.288815058213
640      2.362569182703     64.288815058214
641      2.362569182703     64.288815058214
642      2.380639491847     64.780533468457
643      2.380639491847     64.780533468457
644      2.380639491847     64.780533468457
645      2.403013141747     65.389351805338
646      2.403013141747     65.389351805339
647      2.403013141747     65.389351805339
648      2.409327945526     65.561186456899
649      2.409327945526     65.561186456899
650      2.409327945526     65.561186456900
651      2.414874186787     65.712107446331
652      2.414874186787     65.712107446331
653      2.414874186787     65.712107446331
654      2.415454960363     65.727911108419
655      2.415639349457     65.732928593801
656      2.425508760916     66.001489096777
657      2.430318094390     66.132357793671
658      2.433647157552     66.222946263005
659      2.443893954461     66.501775952407
660      2.443893954461     66.501775952408
661      2.443893954461     66.501775952408
662      2.455963901213     66.830216101475
663      2.458181109852     66.890549452615
664      2.474803741993     67.342874544872
665      2.474803741993     67.342874544873
666      2.474803741993     67.342874544874
667      2.488622154072     67.718892883304
668      2.488622154072     67.718892883305
669      2.488622154072     67.718892883305
670      2.490708211733     67.775657432740
671      2.492733339464     67.830763993488
672      2.492733339464     67.830763993488
673      2.492733339464     67.830763993488
674      2.495308436356     67.900835985069
675      2.495308436356     67.900835985070
676      2.495308436356     67.900835985070
677      2.525756161551     68.729361214423
678      2.526043395500     68.737177252306
679      2.526043395500     68.737177252306
680      2.526043395500     68.737177252306
681      2.531905256347     68.896686692550
682      2.533528168442     68.940848402752
683      2.533528168442     68.940848402752
684      2.533528168442     68.940848402753
685      2.535062079660     68.982588274453
686      2.536834073470     69.030806706813
687      2.561651500095     69.706123629680
688      2.561651500095     69.706123629680
689      2.561651500095     69.706123629681
690      2.579807046941     70.200161477138
691      2.592356122103     70.541639381001
692      2.592356122103     70.541639381001
693      2.592356122103     70.541639381002
694      2.599246184460     70.729127623810
695      2.607612307417     70.956781542038
696      2.607612307417     70.956781542038
697      2.607612307417     70.956781542039
698      2.611804757216     71.070863970500
699      2.611804757216     71.070863970500
700      2.611804757216     71.070863970500
701      2.612060369770     71.077819545957
702      2.612060369770     71.077819545958
703      2.612060369770     71.077819545958
704      2.634850987750     71.697984168053
705      2.634850987750     71.697984168053
706      2.634850987750     71.697984168054
707      2.635781730007     71.723310967912
708      2.639791829579     71.832431391405
709      2.644712629475     71.966333245689
710      2.648969833154     72.082177717894
711      2.648969833154     72.082177717895
712      2.648969833154     72.082177717896
713      2.656023615287     72.274121005018
714      2.657918869346     72.325693521332
715      2.669017469219     72.627701961918
716      2.669110941593     72.630245476060
717      2.669110941593     72.630245476060
718      2.669110941593     72.630245476060
719      2.674372750647     72.773426666954
720      2.682515054027     72.994990141152
721      2.682515054027     72.994990141153
722      2.682515054027     72.994990141153
723      2.696737706230     73.382008419317
724      2.723112275642     74.099697377412
725      2.731650367499     74.332030810166
726      2.731650367499     74.332030810166
727      2.731650367499     74.332030810166
728      2.739406020367     74.543072982607
729      2.739406020367     74.543072982607
730      2.739406020367     74.543072982607
731      2.750259814798     74.838419924385
732      2.750259814798     74.838419924385
733      2.750259814798     74.838419924386
734      2.765002130971     75.239578986704
735      2.765002130971     75.239578986704
736      2.765002130971     75.239578986705
737      2.775517538440     75.525717945503
738      2.784261445613     75.763651901160
739      2.794223983107     76.034746493925
740      2.794223983107     76.034746493926
741      2.794223983107     76.034746493926
742      2.819216315922     76.714822859092
743      2.821683240206     76.781951322543
744      2.821683240206     76.781951322544
745      2.821683240206     76.781951322544
746      2.827861806577     76.950078763494
747      2.827861806577     76.950078763494
748      2.827861806577     76.950078763494
749      2.834878978124     77.141025825321
750      2.837082898678     77.200997589088
751      2.837082898678     77.200997589089
752      2.837082898678     77.200997589089
753      2.844873226936     77.412983327443
754      2.865271873061     77.968059046610
755      2.865271873061     77.968059046611
756      2.865271873061     77.968059046611
757      2.865909277022     77.985403700745
758      2.872141093432     78.154980149822
759      2.892836202561     78.718123042378
760      2.894048899368     78.751122220258
761      2.894048899368     78.751122220258
762      2.894048899368     78.751122220259
763      2.936303118081     79.900918667346
764      2.939196386118     79.979648541206
765      2.961667135554     80.591109092404
766      2.961667135554     80.591109092405
767      2.961667135554     80.591109092405
768      2.976390905772     80.991763493328
769      2.976390905772     80.991763493329
770      2.976390905772     80.991763493329
771      3.006683975028     81.816080318089
772      3.032402302641     82.515912018091
773      3.032978358318     82.531587299548
774      3.032978358318     82.531587299548
775      3.032978358319     82.531587299549
776      3.039324490703     82.704274446322
777      3.039324490703     82.704274446322
778      3.039324490703     82.704274446323
779      3.041537907176     82.764504607341
780      3.041537907176     82.764504607342
781      3.041537907176     82.764504607342
782      3.045275215208     82.866201991110
783      3.058829215616     83.235025317812
784      3.058829215616     83.235025317812
785      3.058829215616     83.235025317812
786      3.062592917927     83.337440926884
787      3.064227997801     83.381933739369
788      3.071023000155     83.566835266406
789      3.071023000155     83.566835266406
790      3.071023000155     83.566835266406
791      3.114763531049     84.757076348777
792      3.130468455513     85.184429330345
793      3.130468455513     85.184429330345
794      3.130468455513     85.184429330346
795      3.135308474354     85.316133019026
796      3.151727374515     85.762914278877
797      3.151727374515     85.762914278878
798      3.151727374515     85.762914278878
799      3.165477182825     86.137065812719
800      3.170749657578     86.280537232226
801      3.170749657578     86.280537232226
802      3.170749657578     86.280537232227
803      3.182211104294     86.592419243382
804      3.188870472988     86.773629988663
805      3.214208776415     87.463120698549
806      3.214208776415     87.463120698550
807      3.214208776415     87.463120698551
808      3.249913889000     88.434706799144
809      3.250135731759     88.440743451175
810      3.250135731759     88.440743451176
811      3.250135731759     88.440743451176
812      3.259136630711     88.685670512941
813      3.259136630711     88.685670512942
814      3.259136630711     88.685670512942
815      3.260867938303     88.732781816338
816      3.261458851102     88.748861380870
817      3.261458851102     88.748861380871
818      3.261458851102     88.748861380872
819      3.269638633997     88.971444725141
820      3.298816020769     89.765402267558
821      3.324213619636     90.456506489369
822      3.324213619636     90.456506489370
823      3.324213619636     90.456506489370
824      3.326456021625     90.517525386854
825      3.326456021625     90.517525386854
826      3.326456021625     90.517525386854
827      3.338230152937     90.837915983627
828      3.338230152937     90.837915983628
829      3.338230152937     90.837915983628
830      3.343834388597     90.990415081857
831      3.343834388597     90.990415081857
832      3.343834388597     90.990415081857
833      3.345932728536     91.047513849281
834      3.358980973364     91.402574858587
835      3.361384738047     91.467984660891
836      3.361384738047     91.467984660891
837      3.361384738047     91.467984660891
838      3.371183027305     91.734609829211
839      3.391498240000     92.287415207949
840      3.392087027564     92.303436941861
841      3.392087027564     92.303436941861
842      3.392087027564     92.303436941862
843      3.398224638449     92.470449926689
844      3.398224638449     92.470449926689
845      3.398224638449     92.470449926690
846      3.406352864277     92.691630330980
847      3.410861622618     92.814319957700
848      3.415833626399     92.949615141386
849      3.419201961745     93.041272261828
850      3.419201961745     93.041272261829
851      3.419201961745     93.041272261830
852      3.431695775969     93.381246438197
853      3.431695775969     93.381246438198
854      3.431695775969     93.381246438199
855      3.442265849359     93.668872933258
856      3.442265849359     93.668872933259
857      3.442265849359     93.668872933260
858      3.455958997122     94.041482654291
859      3.456116492746     94.045768330717
860      3.456116492746     94.045768330718
861      3.456116492746     94.045768330719
862      3.461523644234     94.192904492708
863      3.495913450183     95.128699258311
864      3.495913450183     95.128699258311
865      3.495913450183     95.128699258311
866      3.516961597573     95.701448816193
867      3.516961597573     95.701448816194
868      3.516961597573     95.701448816195
869      3.521400146142     95.822227936732
870      3.527290450474     95.982511364034
871      3.527290450474     95.982511364035
872      3.527290450474     95.982511364036
873      3.532857248020     96.133991718781
874      3.542678937582     96.401253642111
875      3.566165908994     97.040367016012
876      3.591000788195     97.716158847880
877      3.610757873548     98.253776800263
878      3.610757873548     98.253776800264
879      3.610757873548     98.253776800265
880      3.634020033145     98.886772729926
881      3.661569366648     99.636428663618
882      3.661569366648     99.636428663618
883      3.661569366649     99.636428663619
884      3.665779195751     99.750984007254
885      3.665779195751     99.750984007254
886      3.665779195751     99.750984007255
887      3.678208215235    100.089195028035
888      3.695338910448    100.555345227756
889      3.764908059466    102.448419169347
890      3.764908059466    102.448419169347
891      3.764908059466    102.448419169349
892      3.787969717154    103.075959161377
893      3.836042171231    104.384077938224
894      3.836042171231    104.384077938226
895      3.836042171231    104.384077938227
896      3.869201942267    105.286401731801
897      3.869840723887    105.303783873973
898      3.869840723887    105.303783873975
899      3.869840723887    105.303783873975
900      3.883677030482    105.680289147268
901      3.913611118071    106.494837578276
902      3.913611118071    106.494837578277
903      3.913611118071    106.494837578277
904      3.919717587549    106.661003161831
905      3.919717587549    106.661003161832
906      3.919717587549    106.661003161833
907      3.923395760766    106.761091404514
908      3.934920986922    107.074708943540
909      3.934920986922    107.074708943541
910      3.934920986922    107.074708943541
911      3.959373191821    107.740087671929
912      3.964238119739    107.872469171467
913      3.964238119739    107.872469171470
914      3.964238119739    107.872469171470
915      3.971049091300    108.057805243007
916      3.998317194645    108.799808510351
917      3.998317194645    108.799808510351
918      3.998317194645    108.799808510353
919      3.999753129256    108.838882301439
920      4.009835059915    109.113225749358
921      4.082624833955    111.093937406697
922      4.082624833956    111.093937406697
923      4.082624833956    111.093937406697
924      4.089165886458    111.271928602756
925      4.103051842832    111.649784916042
926      4.103051842832    111.649784916042
927      4.103051842832    111.649784916044
928      4.123913628663    112.217463314999
929      4.126282443640    112.281922086865
930      4.126282443640    112.281922086868
931      4.126282443640    112.281922086876
932      4.153525679188    113.023248666654
933      4.169144447228    113.448257211302
934      4.169144447228    113.448257211303
935      4.169144447228    113.448257211303
936      4.195843790404    114.174783718212
937      4.195843790405    114.174783718215
938      4.195843790405    114.174783718220
939      4.196148267745    114.183068972920
940      4.226292138037    115.003325884969
941      4.229822144886    115.099382313360
942      4.229822144886    115.099382313361
943      4.229822144886    115.099382313363
944      4.274106037222    116.304409021271
945      4.290355886464    116.746590168936
946      4.290355886465    116.746590168945
947      4.290355886465    116.746590168946
948      4.318771152847    117.519809348593
949      4.338507092284    118.056851890976
950      4.338507092284    118.056851890979
951      4.338507092284    118.056851890980
952      4.369051592491    118.888010503908
953      4.731194207972    128.742418070812
954      4.731194207972    128.742418070814
955      4.731194207972    128.742418070815
956      4.744696211654    129.109826493792
957      4.938708462867    134.389171466460
958      4.938708462867    134.389171466461
959      4.938708462867    134.389171466462
960      4.952748165941    134.771211442698
961     10.773172128214    293.153096049684
962     10.773172128214    293.153096049686
963     10.773172128214    293.153096049687
964     10.831692440618    294.745515678641
965     11.070569103409    301.245684100494
966     11.070569103409    301.245684100496
967     11.070569103409    301.245684100496
968     11.073648922863    301.329490299584
969     11.073648922863    301.329490299585
970     11.073648922863    301.329490299586
971     11.120679839677    302.609267389396
972     11.127618822608    302.798086829516
973     11.220648215238    305.329546844117
974     11.220648215238    305.329546844119
975     11.220648215238    305.329546844119
976     11.227432856612    305.514166434399
977     11.227799496266    305.524143212697
978     11.227799496266    305.524143212698
979     11.227799496266    305.524143212698
980     11.233188054774    305.670773433664
981     11.274251697748    306.788172648092
982     11.274251697748    306.788172648092
983     11.274251697748    306.788172648094
984     11.284418697838    307.064830954347
985     11.297793171763    307.428769114121
986     11.297793171763    307.428769114122
987     11.297793171763    307.428769114122
988     11.305662734825    307.642910942427
989     11.315463967034    307.909616192557
990     11.315463967034    307.909616192559
991     11.315463967034    307.909616192562
992     11.316324623525    307.933035860584
993     11.349684278503    308.840798776062
994     11.349684278503    308.840798776063
995     11.349684278503    308.840798776063
996     11.350535950885    308.863973973911
997     11.350535950885    308.863973973911
998     11.350535950885    308.863973973913
999     11.351815910632    308.898803470560
1000     11.384740017069    309.794714500464
1001     11.409404858154    310.465879357182
1002     11.409404858154    310.465879357183
1003     11.409404858154    310.465879357183
1004     11.422434878280    310.820444446825
1005     11.447443734535    311.500970437922
1006     11.447443734535    311.500970437923
1007     11.447443734535    311.500970437924
1008     11.447638034309    311.506257606804
1009     11.522285416018    313.537517369435
1010     11.522285416018    313.537517369438
1011     11.522285416018    313.537517369438
1012     11.523004315332    313.557079626217
1013     11.534836111768    313.879039371757
1014     11.534836111768    313.879039371758
1015     11.534836111768    313.879039371759
1016     11.549299294803    314.272602830602
1017     11.563772201972    314.666430896746
1018     11.563772201972    314.666430896748
1019     11.563772201972    314.666430896748
1020     11.601701508393    315.698540425484
1021     11.651304070992    317.048295597387
1022     11.651304070992    317.048295597391
1023     11.651304070992    317.048295597392
1024     11.695062884179    318.239034166561
1025     11.744271872271    319.578079625105
1026     11.744271872271    319.578079625106
1027     11.744271872271    319.578079625111
1028     11.775471198458    320.427056969711
1029     12.005585150985    326.688779777506
1030     12.005585150985    326.688779777507
1031     12.005585150985    326.688779777508
1032     12.010358666712    326.818673823357
1033     12.011193392767    326.841387887936
1034     12.011193392767    326.841387887938
1035     12.011193392767    326.841387887939
1036     12.039268716436    327.605356750432
1037     12.067397607261    328.370783250229
1038     12.067397607261    328.370783250231
1039     12.067397607261    328.370783250232
1040     12.086320111511    328.885691082379
1041     12.302818298587    334.776909850179
1042     12.302818298587    334.776909850180
1043     12.302818298587    334.776909850180
1044     12.305211662459    334.842036631841
1045     12.418143188997    337.915061573084
1046     12.418143188998    337.915061573089
1047     12.418143188998    337.915061573090
1048     12.420223435692    337.971667997995
1049     12.435677187693    338.392186225176
1050     12.435677187693    338.392186225176
1051     12.435677187693    338.392186225179
1052     12.437900343034    338.452681394427
1053     12.520338917997    340.695950433177
1054     12.520338917997    340.695950433178
1055     12.520338917997    340.695950433179
1056     12.521335927194    340.723080449256
1057     12.555337506123    341.648311014106
1058     12.555337506123    341.648311014107
1059     12.555337506123    341.648311014107
1060     12.555506781504    341.652917234227
1061     12.777169908561    347.684681249814
1062     12.777169908561    347.684681249815
1063     12.777169908561    347.684681249818
1064     12.778756948446    347.727866826946
1065     12.914209064020    351.413708524682
1066     12.914209064020    351.413708524682
1067     12.914209064020    351.413708524685
1068     12.914718688678    351.427576125100
1069     12.963086437532    352.743730286270
1070     12.963086437532    352.743730286270
1071     12.963086437532    352.743730286271
1072     12.965314346211    352.804354800496
1073     13.043414206362    354.929561334993
1074     13.043414206362    354.929561334994
1075     13.043414206362    354.929561334995
1076     13.043434493381    354.930113373196
1077     13.192977709326    358.999393639555
1078     13.192977709326    358.999393639558
1079     13.192977709326    358.999393639558
1080     13.196115142259    359.084767582073
1081     13.200036815149    359.191481791740
1082     13.200036815149    359.191481791741
1083     13.200036815149    359.191481791742
1084     13.201278877454    359.225280045958
1085     13.252157763791    360.609765773636
1086     13.252157763792    360.609765773638
1087     13.252157763792    360.609765773641
1088     13.257343092313    360.750865822160
1089     13.457454997625    366.196190922375
1090     13.457454997625    366.196190922375
1091     13.457454997625    366.196190922377
1092     13.459866679099    366.261816151622
1093     13.665393069994    371.854476984841
1094     13.665393069994    371.854476984842
1095     13.665393069994    371.854476984844
1096     13.666783965825    371.892325207648
1097     13.762850918021    374.506441470630
1098     13.762850918021    374.506441470630
1099     13.762850918021    374.506441470630
1100     13.766849487454    374.615248142909
1101     13.910202705136    378.516089890527
1102     13.910202705136    378.516089890534
1103     13.910202705136    378.516089890535
1104     13.923749478053    378.884716547081
1105     14.019904102725    381.501218500888
1106     14.019904102725    381.501218500891
1107     14.019904102725    381.501218500891
1108     14.030222950136    381.782008785342
1109     14.088416584535    383.365539048406
1110     14.088416584535    383.365539048407
1111     14.088416584535    383.365539048411
1112     14.143331516201    384.859851219947
1113     14.455842302634    393.363707233897
1114     14.455842302634    393.363707233899
1115     14.455842302634    393.363707233900
1116     14.477476992008    393.952417420317
1117     14.596907162265    397.202279555252
1118     14.596907162265    397.202279555259
1119     14.596907162265    397.202279555265
1120     14.620019802781    397.831206861384
1121     20.023732930417    544.873806262759
1122     20.023732930417    544.873806262761
1123     20.023732930418    544.873806262767
1124     20.083151135054    546.490658796402
1125     20.414232239925    555.499839173498
1126     20.414232239925    555.499839173500
1127     20.414232239925    555.499839173503
1128     20.443240577467    556.289196649686
1129     20.447914795351    556.416388662218
1130     20.447914795351    556.416388662219
1131     20.447914795351    556.416388662220
1132     20.477246182208    557.214536762545
1133     20.494094137184    557.672993204559
1134     20.494094137184    557.672993204561
1135     20.494094137184    557.672993204562
1136     20.508005974147    558.051553764896
1137     20.511229664651    558.139274896673
1138     20.511229664651    558.139274896675
1139     20.511229664651    558.139274896677
1140     20.522835390261    558.455082938551
1141     20.522835390261    558.455082938555
1142     20.522835390261    558.455082938556
1143     20.523259865266    558.466633497700
1144     20.523259865266    558.466633497701
1145     20.523259865266    558.466633497702
1146     20.523580681441    558.475363354951
1147     20.526210193121    558.546916049080
1148     20.546989083035    559.112338734101
1149     20.605577284106    560.706605708709
1150     20.605577284106    560.706605708710
1151     20.605577284106    560.706605708711
1152     20.606366920455    560.728092819271
1153     20.607063047158    560.747035401437
1154     20.607063047158    560.747035401439
1155     20.607063047158    560.747035401443
1156     20.613595502372    560.924792653257
1157     20.616257180665    560.997220645936
1158     20.616257180665    560.997220645938
1159     20.616257180665    560.997220645939
1160     20.629956424129    561.369996239541
1161     20.631734989756    561.418393500257
1162     20.631734989757    561.418393500260
1163     20.631734989757    561.418393500261
1164     20.638970425397    561.615279833650
1165     20.671617425547    562.503650413528
1166     20.671617425547    562.503650413528
1167     20.671617425547    562.503650413532
1168     20.675923780709    562.620832366376
1169     20.713181359984    563.634663259075
1170     20.713181359984    563.634663259078
1171     20.713181359984    563.634663259079
1172     20.725759094194    563.976921015750
1173     20.737887438728    564.306950250209
1174     20.737887438728    564.306950250210
1175     20.737887438728    564.306950250211
1176     20.738098598455    564.312696202011
1177     21.102221603375    574.220992938075
1178     21.102221603375    574.220992938077
1179     21.102221603375    574.220992938078
1180     21.104308212458    574.277772492467
1181     21.139491385908    575.235155898500
1182     21.139491385908    575.235155898501
1183     21.139491385908    575.235155898504
1184     21.147714284297    575.458912475717
1185     21.147714284297    575.458912475717
1186     21.147714284297    575.458912475720
1187     21.152346219244    575.584953910343
1188     21.171357797993    576.102285584317
1189     21.247026947811    578.161349087663
1190     21.247026947811    578.161349087663
1191     21.247026947811    578.161349087664
1192     21.278153453767    579.008344891830
1193     21.278153453767    579.008344891833
1194     21.278153453767    579.008344891835
1195     21.289407000308    579.314569648178
1196     21.289407000308    579.314569648180
1197     21.289407000308    579.314569648181
1198     21.306338913597    579.775310713441
1199     21.306470635282    579.778895044922
1200     21.332040474821    580.474686176544
1201     21.483594205807    584.598675371895
1202     21.483594205807    584.598675371895
1203     21.483594205807    584.598675371902
1204     21.485450371537    584.649184240041
1205     21.485450371537    584.649184240043
1206     21.485450371537    584.649184240045
1207     21.485626382431    584.653973742886
1208     21.498497714699    585.004220713758
1209     21.498497714699    585.004220713766
1210     21.498497714699    585.004220713768
1211     21.500337080345    585.054272428097
1212     21.504974549934    585.180464468087
1213     21.742843953904    591.653223967263
1214     21.742843953904    591.653223967266
1215     21.742843953904    591.653223967269
1216     21.743262353919    591.664609217426
1217     21.768374157886    592.347936559899
1218     21.768374157886    592.347936559901
1219     21.768374157886    592.347936559901
1220     21.774688731367    592.519764944726
1221     21.774688731367    592.519764944727
1222     21.774688731367    592.519764944728
1223     21.775353781987    592.537861903160
1224     21.833419575046    594.117913424417
1225     21.865262027967    594.984391147811
1226     21.865262027967    594.984391147814
1227     21.865262027967    594.984391147814
1228     21.870127807612    595.116795824063
1229     22.081141112420    600.858763266495
1230     22.081141112420    600.858763266496
1231     22.081141112420    600.858763266497
1232     22.081557923470    600.870105278701
1233     22.169808602225    603.271529798589
1234     22.169808602225    603.271529798589
1235     22.169808602225    603.271529798595
1236     22.173222048454    603.364414449310
1237     22.528604959099    613.034880984022
1238     22.528604959099    613.034880984025
1239     22.528604959099    613.034880984027
1240     22.534652074003    613.199431446532
1241     22.599053787367    614.951892229547
1242     22.599053787367    614.951892229550
1243     22.599053787367    614.951892229550
1244     22.599260491050    614.957516926151
1245     22.632710125254    615.867728302331
1246     22.632710125254    615.867728302338
1247     22.632710125254    615.867728302340
1248     22.646384975298    616.239840116812
1249     22.754992438722    619.195201247036
1250     22.754992438722    619.195201247037
1251     22.754992438722    619.195201247039
1252     22.755474502611    619.208318880346
1253     23.111618412443    628.899493268339
1254     23.111618412443    628.899493268342
1255     23.111618412443    628.899493268345
1256     23.112037478347    628.910896638289
1257     23.122309598969    629.190415421382
1258     23.122309598969    629.190415421384
1259     23.122309598969    629.190415421387
1260     23.122341192741    629.191275132158
1261     23.268104219654    633.157691162691
1262     23.268104219654    633.157691162693
1263     23.268104219654    633.157691162700
1264     23.268386570639    633.165374328286
1265     23.283765711816    633.583862290523
1266     23.283765711817    633.583862290525
1267     23.283765711817    633.583862290532
1268     23.290877056304    633.777371929916
1269     23.463278293327    638.468650951029
1270     23.463278293327    638.468650951031
1271     23.463278293327    638.468650951040
1272     23.473971880848    638.759638438513
1273     23.937357658406    651.369014185958
1274     23.937357658407    651.369014185969
1275     23.937357658408    651.369014185999
1276     23.938962412869    651.412681801531
1277     24.145871576309    657.042969811569
1278     24.145871576309    657.042969811572
1279     24.145871576309    657.042969811584
1280     24.146423159386    657.057979159305


**Beregningstid: Programmet var 213 sekunder om at lave CIS-beregningen (inklusiv transformering af integralerne).

